0 -2.3311810564436515 -0.07422786512795321 -0.95670140136094 -0.11777132053573311 0.37312195504312046 -0.5202936978258955 0.003639246481357146 -0.3917800151479687 0.3594912710159304 0.4451851741769378 0.5460098005073373 1.8244301040437845 0.3928327949151448 1.8512883736548449 0.762845177793525 
1 -1.8802091216130343 -0.6220577833659251 -1.4130710667468251 -0.7158427185183404 0.34548382570769165 -0.19502482966749798 -0.10178401293303106 -0.3077017647818649 -0.30058952589722854 0.4767126406187469 -0.059270743397772586 1.5084131062880637 0.500695992669096 1.9025134847757657 1.0009976086488361 
2 -1.4293144037039158 -0.2865670765913165 -1.3613011028178026 0.14975734176588162 0.6822839931924078 -0.6259832099510951 -0.21751876530505862 -0.48235113163921106 0.48897053082841635 0.8064838306731359 0.199276560300172 1.73105706058581 0.23837940957779144 1.6938121811706204 0.6229038051233152 
3 -0.8909125959447267 -0.7158486975493777 -2.009648308944522 -0.24126438865657635 0.904346892419883 -0.17780770008795538 0.1260774681455725 -0.3963121098242921 -0.10348300128366385 0.5216146418205374 0.039639014837233276 1.2319815544399604 0.09682976380262331 1.6990897194336616 1.0255714786777834 
4 -0.554348652520724 -0.17207740758233864 -1.22548679091032 0.35474640086586856 0.6526495836210761 -0.8095587847836655 0.09274849139262502 -0.16327245912108845 -0.01053176050059793 0.8739547572423486 0.22558462600622448 1.5434285594915989 0.16357163291631852 1.9628499024167358 0.5637520598220301 
5 -0.13809001104888238 -0.12839256905086305 -1.290157583623134 0.36537157498119943 0.48252438836639633 -0.2821847346360196 0.5228849502585173 0.27738381711024934 -0.6277835520123647 0.7768864592048026 -0.30240703580029005 1.209225807437841 0.15158182496020836 2.4085436271534935 0.2886825145211754 
6 -0.017605593915602496 -0.43193898988170315 -0.781714889891637 0.3961897771275555 -0.20896078716389827 -0.9901535679325963 0.3783821818297945 -0.1074106905479216 -0.5561619762656699 0.9535738812254846 0.23864998910297777 1.6761205592145239 0.11829677206735685 2.303578894986208 -0.3707484499953995 
7 0.22054320819109932 -0.8162764641401977 -0.8812659640870835 -0.06155489455902703 -0.13989197989765711 -0.30269302500155265 0.9140213006759897 -0.16838304488469208 -0.8441293724266189 -0.14915009970391008 -0.3767578837686966 1.7439089472026652 0.14877244549532578 2.8764528018414772 -0.4799340421971937 
8 -0.10227613476717018 -0.3003434297511547 -0.6403901249100541 -0.11489958129598901 -0.29556216261942886 -0.7505240085837129 0.8916761614206618 -0.14062069943263242 -0.288071950843182 0.09142734424479908 0.5582938947544271 1.93714770803114 -0.09764900620701371 2.4934468516288466 -1.165123066387025 
9 -0.8085853545425224 -0.42071911842206383 -0.9165700683438881 -0.5503846429141752 -0.3501602818605417 -0.37345720292079504 0.6386056117542983 0.21768192748894213 -1.236727785451395 -0.2656886686857288 0.06370444855333439 1.5923207779255704 -0.17115615946428708 2.7205109476345495 -1.371184064533863 
10 -2.3274081292446636 -0.8150901494423001 -1.4083764862029173 -0.33213841322093507 0.4829720088183629 -0.3968026994344411 0.271475998914382 -0.45499990351186964 -0.302563895464659 -0.21721721991273324 0.08568510441684728 1.596952110791358 0.11884797309253149 1.396486348179268 1.150664210722844 
11 -1.8640537160967134 0.09412710949344137 -1.5064770549021134 -0.10098204496093147 0.01735809608790586 -1.1622942232100533 -0.15578042085594296 -0.6387287814886794 0.3482855937679295 0.4606476586127514 0.2729392426729515 1.653622567419372 0.8144547042363063 1.3358815826447492 0.7670014336246839 
12 -1.4861860149444672 -0.5561567451958784 -1.9085777802252024 -0.2720414828721295 0.5434051322096829 -0.19922207434991523 -0.20593347837960352 -0.31968351824681146 -0.291707804551718 0.7291683746426696 -0.30763989550467286 1.543812204663182 0.534520965147931 1.095590865915087 0.8258484186284242 
13 -0.6017049918329082 0.1410138321196965 -1.5562599976096785 -0.03161439911648243 0.5465483831874925 -0.7852315954599973 -0.11658758442706277 -0.4704798355266089 0.6835669627104285 1.0951001644652782 0.12114830940691194 1.59941588185196 0.015329181757708307 1.5696561795178547 0.37405430875004625 
14 -0.31640378853194123 -0.23782261294561877 -1.731580526932782 -0.23180630593125295 0.6788153955103968 -0.4004366442822919 -0.004006886320267905 0.02936489048060169 -0.5591865296245627 0.6730579562996541 -0.20479582670110114 1.1329673164301117 -0.2334036709180534 1.8432467747270336 0.8071862715732145 
15 -0.20188343410706702 0.052018722524783796 -1.0050767937034557 1.0111078093699502 0.9611847401970761 -0.7509287148046941 0.18641248762308027 0.38847925286769863 0.1824677871627059 1.03210399724176 -0.1659748877768983 1.591705586514705 0.03530376636376172 2.2828909815938214 0.09141909107000357 
16 0.46534125432358403 -0.9251348992888623 -0.9828231683423542 0.28845002376765994 0.0594031940489521 -0.5156128703093743 0.2598776487305937 -0.6276118437292195 -1.4480931150151237 1.0550639732108225 -0.18050947602673906 1.3863372577727602 0.005221654383014611 2.122994610834994 -0.170023021208282 
17 0.17501672045698205 -0.590937095698594 -0.4269835116006322 0.11308235044115125 -0.0693262007855368 -1.0378960882668067 0.7760285248484825 -0.37372502191189716 -0.13938881652575572 -0.1278305070145437 -0.010477486588564542 2.2737739511246815 0.20354816556403105 2.5268464716117354 -0.9367405579366176 
18 -0.04061087051924949 -0.6271473942507503 -0.5246069095526962 -0.19450115346056368 -0.2044952538309829 -0.09045966937113567 0.9174380044449901 -0.3046318016505493 -0.9331587903411563 -0.19455550257993953 0.09728411539387473 2.1140518145330502 -0.4501469870043468 2.432142517896986 -0.9808077005409334 
19 -0.2257347278539856 0.1601254187003402 -0.49174379034719773 -0.1436820741149287 -0.4755945850771833 -0.5845693799292973 0.6734434836462433 -0.21600608705596416 -0.49407922238277463 0.11663308136243603 0.4107239538020624 1.7653955939516774 -0.12150230694682528 2.7198991953124416 -1.4720960692664091 
20 -1.9124705945462779 -0.3739116139630276 -1.370695375489787 0.060571301056839846 0.2705879877146579 -1.0149201421946954 -0.15188269188901815 -0.6975929418300411 0.14936536318229207 0.059749573673834086 0.9424584454903612 1.6515629330429527 0.31259279937970663 1.1529939528486075 0.7437923012086806 
21 -1.809728392393803 -0.2987527703389647 -1.8502025947790859 -0.04600887718187755 0.1733489942376398 -0.5630347734684333 0.2353930959310849 -0.3081109041683163 -0.15331537991719166 -0.19382004865776065 -0.310978028409006 1.3321120456608149 0.27152993337684583 0.942453040243419 1.1267249155229764 
22 -1.1895317954563231 -0.2721430341088644 -2.110267565597493 0.3662151926936912 0.4230491886128025 -0.7279450846909877 -0.12827602658739046 -0.24401958937387885 0.16740894814012544 0.9415266871161305 0.25872972817321965 1.7210453077295726 0.4683265720251964 0.44916256906494856 0.5626368313669788 
23 -0.5421482394668083 -0.5524601415320924 -1.887229176315039 -0.38191945333534544 0.5966169895137473 -0.5414625460951005 -0.0040187259678813765 -0.2190025577632805 -0.21816899229307965 0.379008772687724 -0.18368424627254387 1.1626976732974905 -0.4169983342898262 1.1131215885903338 0.8932385020822063 
24 -0.2672061213927712 0.11928532014488367 -1.476294390232895 0.20226555944428587 0.5385793031166983 -1.0090219178517559 0.085703456845117 -0.14828949017952003 -0.013857772504811225 0.9747525262714889 0.047987708389030666 1.1961561209170568 -0.3723679677969066 1.427207601355046 0.3320665723527334 
25 -0.2801165407718747 -0.3543830106026928 -1.028286493209718 0.33512976956509083 0.5260410613425427 -0.38873048074791366 0.40241884199369965 -0.018170316226674362 -0.7537394329600838 0.731916388033117 -0.7307160668330064 1.3020175527627125 -0.46581634325689675 1.5633415039015561 0.11591580247497182 
26 0.36575571259623 -0.12400532924248782 -0.8046241457319279 0.6485879198695889 0.36526857177294775 -0.8588122042686513 0.2703746336346417 -0.47043157070601566 -0.9327161341469442 1.3542536698711334 0.10420618566757106 1.3781182905112082 -0.2615373007133893 1.4815669689010393 -0.4000888169804602 
27 0.35019066786370723 -0.5481949094768302 -0.7532911317798339 0.06836098084675536 0.32193163333234986 -0.16479273912127218 0.3075564704968756 -0.2831611310415913 -1.4443164422075745 0.5483203730515581 0.15610407786394412 1.7001034234572354 -0.72837746473057 2.0315869011132768 -0.5627615156845104 
28 0.19041228411446504 -0.13538939041401915 -0.2020312172502194 0.1679741800810272 0.3451736815388205 -0.6241914909803203 0.3617779032908834 -0.15917788182576098 -0.7776892286584666 0.5395819621207749 0.270819719794991 2.179564888011653 -0.403147451590506 1.7213212430650122 -1.1203171430302992 
29 -0.38603588266338645 -0.512805267703789 -0.7355450200126856 -0.24775664833723135 0.15500180612919312 -0.20830158281062958 0.7563147863870502 -0.4031922682638204 -1.0049770167324896 -0.24321457398688026 0.2549710920259287 1.5103296104729416 -0.43838045329656145 2.4471461843653604 -1.5691668302301864 
30 -1.9977473233103158 -0.7253212205772719 -1.55197569496987 -0.28692570683267066 -0.018756996936461684 -0.7696204683784851 -0.29620509208040613 -0.6818324398920127 -0.42729427241834883 -0.8015144106490352 0.5198737162518879 1.2979617649347484 -0.23282815484755756 0.7713189518849887 0.9286811336988099 
31 -1.5755596226132254 0.01953199539492969 -1.482017375980817 0.6362324682980663 0.13836524755422042 -1.1978982881617506 -0.2928652214142861 -0.28380995012238575 0.20296252607572715 -0.22799634302002797 0.32244347327354567 1.2583688733673584 0.38795204403202166 0.8217657974162962 0.7695612142676965 
32 -1.13172367931734 -0.7079854905923908 -2.26865086561842 0.10260111158594296 0.25721187413506374 -0.5081855450303692 0.04620762529633379 0.19562005377296485 -0.6379429871664813 0.24248088135776857 -0.05326666759942316 1.1458167495385836 -0.17704658397615003 0.5601739936490692 0.7656928739144079 
33 -0.5161768200962542 -0.17538714624204196 -1.5087431152649404 0.2773465483881164 0.4471652840173064 -1.1448240734803394 -0.4218170030948421 0.00553454413582306 0.42558777027804146 0.5716627474207578 -0.25519743626255054 1.557564625040157 -0.2768804109666974 0.4288582244928061 0.6713468926180562 
34 -0.029708527721186716 -0.08138864202581401 -1.2507533446328287 0.09931577154145363 0.7723054637738429 -0.8220957323814749 -0.10042955327919285 0.1605839829874146 -0.34327569237273997 0.8467581275715043 -0.6888663778610559 0.6823626908680391 -0.9190223489777912 1.3504774149423788 0.6970163436086066 
35 -0.3539066318210459 0.2115407349316862 -0.7277942060106148 0.5625496687314573 0.8654119093754431 -1.0370217397974473 -0.10196267987970292 -0.3063342518456933 -0.09581394566312004 1.180963689976696 -0.5681230919473912 1.2535830392846812 -0.7378037935724382 1.3738556294349316 0.07914780240463282 
36 -0.08659977639473461 -0.05120565941113727 -0.7913078899130699 0.11350253970137786 0.3430817859187232 -0.08827796606812785 0.4081816732068645 -0.6891080252333022 -1.5249060299771497 1.0019327213500482 -0.22749870575201842 0.7837706477411488 -0.8893714027731686 1.4035701482592446 -0.18410214471463882 
37 -0.36511454872433413 -0.07977552211903097 0.12345720829529715 0.4240502870489042 0.7503556150686219 -1.1043084029672587 0.11450226796478798 -0.544522880701499 -0.8883870456058787 0.8072469099264213 0.2090818216719855 1.2357143654615863 -0.8575028006302572 1.320822261975738 -0.7649958977348484 
38 -0.23952533506254267 -0.3880565447637737 0.09696329490335943 -0.15448105952212746 0.37146401685992236 -0.1190993982315841 0.6352001506659846 -0.42252795527864473 -1.6868283818203802 0.11188966893700965 -0.15611626624387726 1.752876805606152 -0.8591153427525505 1.8858460261898227 -0.9628189415220961 
39 -0.39286765063729334 -0.25709098273551806 -0.3841363885110428 -0.009229459699816332 0.5911341528734408 -0.9448274205223685 0.38829529093253845 -0.34574524704882303 -0.6829046470802402 0.2627815160509701 1.0381144870484953 1.7049137141125983 -0.40482708596363504 1.831905252381816 -1.7639934639153945 
40 -1.7954819473944374 -0.4877506836728727 -1.3613150502987426 0.5878215710532128 0.17009254997486556 -1.4297234803600012 -0.3312678539027518 -1.1053767569756876 0.3729929558101313 -0.7290355944111855 0.5117765107430557 1.328328884877952 0.29648614142896623 0.7136374863251009 0.40620671377959094 
41 -1.7451234005612883 -0.724616387987796 -1.881593865389519 0.4184606138892877 0.10125587381019936 -0.47076625554853896 0.05750251470468077 -0.046159259751969266 -4.1578091581023785E-4 -0.8853379006926736 -0.01895118616964495 0.7925528378562919 -0.1491323708822437 0.5374222467505485 0.5665028782883902 
42 -1.2913463795736435 -0.3157927600898821 -2.300727558865595 0.7012547278345553 -0.3351023003121371 -1.382222466437604 0.17430732111213695 0.2019080306454873 -0.051284846799211456 0.36445923481558107 0.6219261763184462 1.0109358822222774 -0.3924349330793037 0.18776518829659533 0.04311877064833919 
43 -0.3175656129393302 -1.1267040035220997 -1.4863262827477437 0.005199892597277463 0.5921722061568111 -0.8277511322530857 0.0278971539702891 4.0378062352405494E-4 -0.1165593801489536 0.234203370743919 -0.8447821515895291 1.8697161286236683 -1.0225453992234426 0.22852312833354793 0.7652432549533477 
44 -0.5125751146110271 -0.3682591397056207 -1.2656176068365466 0.11189773792813396 1.0202717130447725 -1.980101887884443 -0.4343416347321557 0.44514302156379754 -0.1429400205031012 0.6948191013085036 -0.7510674056807397 0.6869242700124015 -0.7707041283368313 0.9902918552863597 0.09399503256741944 
45 -0.3795473419402601 -0.42646040062445695 -0.8779819863538574 0.4453075713784073 0.6529339556760733 -0.7084416267327299 0.7896671083946785 -0.39441330668869345 -0.8296802770653475 1.1469672976498915 -0.8328050673709093 0.47367183471090785 -1.2241779920656044 1.1763743574918542 -0.24551117631001493 
46 -0.4292958316297766 0.25810371490852463 -0.13187949229576643 0.5948990496722848 0.3992175029364837 -0.9465422320632864 0.35674069216286025 -0.4997206525203895 -0.307861179382095 1.4427290951545348 0.42174286852273446 0.9034006240267416 -0.9509144721975018 0.7001342470645181 -0.5959791118065969 
47 -0.21219694818665488 -0.31616234984714614 0.030520902000942603 -0.2408426920972541 0.8738931055265211 -0.5387722138712981 0.4301568984244654 -0.6444742570161712 -1.5407238306237283 0.6251607845802644 -0.25012745790983065 0.845482787660694 -0.9409200746448906 1.2793396363616225 -0.44657117873239344 
48 -0.5854149456547104 0.04217538300620319 0.7074316213355256 -0.0076579461733478635 0.6847456965052774 -0.8995135024890704 0.31362294887076225 -0.666541657436395 -0.76370075155185 0.4822978897003989 -0.0014563284252430394 1.7704609803260418 -0.6242887005544663 1.2143723035224347 -1.489302763116113 
49 -0.4059017150631639 -0.5061779090506561 -0.17462499713959986 -0.4538216201339423 1.1191508894879767 -0.17707508276233203 0.7503805854998534 -0.35749689226316167 -1.2471173847022814 -0.19855514994839998 0.24453139354573566 1.5068460105302304 -0.4343711436278304 1.343007771327624 -1.791292529770161 
50 -1.4763541463153473 -1.3295271559200172 -1.6033885842544766 0.45684700252191596 0.06181376205994048 -0.6983193490573433 -0.1828823633420771 -0.7843776705040021 -0.3987805309748526 -0.9654904195484082 0.0742518063605434 1.0067457324302131 -0.0010166352622775672 0.652513415433809 0.5863444484207566 
51 -1.7618196731429583 -0.7255749883518189 -1.4343433865434503 0.8772103938839039 -0.03342599467256113 -1.208121791204939 -0.09907785784737037 -0.1351032673476005 0.3789433572630818 -1.0140522008194088 0.272263617654923 0.9953051940502347 -0.21630950564351603 0.4378620652324612 0.07829000674376697 
52 -1.506354050157151 -0.8907407125322221 -1.6996811958159104 -0.0037154692514232593 -0.38549446089017536 -0.6508801098126454 0.21150568518467977 0.2571293159402176 -0.18364285869552133 -0.02420867837188941 0.1064323915895673 0.5840012562716398 -0.7053174593762295 0.04899145856781087 0.48320761228367454 
53 -0.7814591278427244 -0.6725010032500912 -0.6945805675094232 0.2543817030815279 -0.1094722043860614 -1.3532715262947248 -0.08571688727060502 0.14738885222081868 0.41402317787446224 0.3189587428403248 0.04933116207543376 1.0715954828662477 -1.0650530065366781 0.17697748533865923 0.7173854253145189 
54 -0.4946902271311938 -1.0184590546489436 -0.8312661707388275 0.12763180953363049 0.4975134498256463 -1.0441501820322288 -0.18465368544578373 0.35166699841038995 -0.5198581043005774 0.5605348222887095 -1.0567157988553326 0.4338939405011169 -0.9446714396350188 0.3918876449768142 0.34438776645441216 
55 -0.2958083556488163 -0.769672041721684 -0.22600950882377416 0.5661241628764476 0.7087820488823833 -1.3279202458939396 0.315709356844197 -0.2092160934938983 0.09123736225235321 1.2694675599063412 -0.3058393533130202 0.29801995307797186 -0.7725006706950241 0.5775481350247237 -0.49101774956855826 
56 -0.30628575176914724 -0.7304899466408387 -0.15291208878277346 0.020030824776241234 0.3783458785479368 -0.6470857966245321 0.7462057299737662 -0.03314923751202755 -0.9890127542128139 1.0032745357743293 -0.25587318421875627 0.26536795995080564 -1.6442953438201857 0.6712847577560497 -0.2225601177702006 
57 -0.6731022668122615 -0.396203469536946 0.5670499784049187 0.08740063614149361 1.0840660493088843 -1.353636961874514 0.5243773618172252 -0.26339106798872736 -0.8392488609586841 0.47344864500500355 0.6855079446413982 0.455786737001805 -1.1087025547975886 1.2557846531682566 -0.3571053229283139 
58 -0.9155519822660841 -0.9858934306327128 0.11941930411618679 -0.519043821357542 1.2622414306275587 -0.16626994895344321 0.2267545053122231 -0.8124750171112165 -1.352727510853847 0.23636652657053003 -0.30403310104593717 1.6477600772562768 -0.42628688131563225 1.3471645335963307 -1.383369406378937 
59 -0.8700082556594084 -0.30028242415646494 0.40413438004474334 -0.5129895811707845 0.993965431958095 -0.2862962120020928 0.4898331234856663 -1.1042854589512894 -0.883660537482704 0.5133872999199226 0.6273504079890562 1.7310018528889826 0.037031811621977384 1.1182124408389138 -1.8284139553750667 
60 -1.2144028447243675 -1.4449849442867526 -1.2321865281823072 1.1962057901058496 -0.011554219445876672 -1.319267570046739 -0.6519190303131678 -0.48025383090964485 -0.03684951567882989 -0.6523198212223504 0.6549014064689519 1.0263109882094417 0.34665409437406075 0.6765918032268771 -0.07991588836035195 
61 -1.4088406932976745 -1.6157395120891613 -1.6870570848338768 0.7696189873517465 -0.22950788075571502 -0.5360059397157951 0.16717943877616412 -0.32939330101486713 0.043425372626140164 -1.0739947074715277 -0.1320101633529252 0.6611886742490092 -0.15850137737965456 0.29078924015473673 -0.14604921155516223 
62 -1.3116141358044773 -0.7523948719922025 -1.0476812530118094 0.7259061185968593 -0.9452722306669045 -1.226032027908487 -0.004462573656956189 0.0641751353018869 0.5292384126814044 -0.26960546345988345 -0.07875378621323892 0.7155778884052906 -0.5347501980597623 -0.2414939535179176 -0.3288256834531285 
63 -0.6432628030978513 -1.2115735745265273 -0.9827406269472293 0.15018965408587254 0.09772848728394701 -1.116387021208812 -0.08721599136952245 0.5278643062492896 -0.09980191246638934 -0.10784786392386086 -0.3568187867532902 0.5210875549739623 -1.3872719562738776 0.030904492627507905 0.479963749562991 
64 -0.8332513129835709 -0.549545461585055 -0.8109086614125763 0.42907553743788546 0.2569192979208029 -1.4772662028687509 -0.06595338426005795 0.415455112733186 0.18331117002301825 0.6226538332093718 -0.13132932983550277 0.48592387656135655 -1.1015310369476827 -0.0731729258829535 -0.5218070039166274 
65 -0.4152895404464579 -1.2094308008519163 -0.4198595780410985 -0.020196240078933673 0.2628400025146106 -1.2156989563939367 0.46824306319254366 0.15058815082632704 -0.6300565693268311 0.7258294793683958 -0.6401889616978153 0.10491376727262526 -1.0702737482045295 0.24504333475740583 -0.4161293817317636 
66 -0.6743263891826398 -0.7869625521232229 -0.04872160107104436 0.052484491400241855 0.6891198656750961 -1.2602901221639018 0.8008188868463016 0.083493361855698 -0.24192065067874055 1.0343382797265093 0.3829982353428438 0.5154458110130022 -0.8569170938890482 0.1455967108206104 -0.44523829623457595 
67 -0.7198611736176538 -0.8072141375269775 0.18472613603094556 -0.21304822371118917 1.059322184853885 -0.6921349932516938 0.8230434380825947 0.11817003000283759 -1.0137590616765477 0.4499091127603012 0.2751263001181325 0.33286056003559444 -1.0180130432370258 0.8795268103301815 -0.266166599709732 
68 -0.7911652587825257 -0.8344847148470727 0.5734578431765023 -0.1506036630924269 1.3210528084213295 -1.0869462383449584 0.5732106538669356 0.16393479040818373 -0.6608202157283678 0.6840418827161723 1.143114143700706 0.760277283437165 -0.39974463894635376 0.8489326085762138 -0.6767255535943217 
69 -1.2081584626121602 -0.8568943649940924 0.10687249460405329 -0.44620950330047665 1.7294208906515254 -0.5686748560980266 0.7852539184041967 -0.3840595913039255 -1.1019848014896971 0.2791203916714897 0.3455758782617921 0.6503641774481026 -8.751050244131739E-4 0.599192176223395 -1.4666044220899184 
70 -1.2814063952932284 -2.105009960259656 -0.918301412954389 1.4284547814358093 -0.4971815677778839 -0.050550974515805994 -0.46832637081415274 -0.054079238507216854 -0.5962520879344879 -1.0963253460828903 0.4210610262766185 0.7002822055038165 0.05587904782313227 0.8510883547726334 -0.08161165747442754 
71 -1.3290515741837463 -1.7982495608227236 -0.7102454855799423 1.259743204934698 -0.3225759056009139 -1.0878834283002148 -1.1780195855313138 0.14912963575611904 -0.1914222659886678 -0.70344263847771 0.4370935180622278 1.0772506543629161 0.645576605233114 1.186847606956614 -0.8496926002210532 
72 -1.2384536661470529 -1.8170105863304045 -0.8694340582456832 0.2937752031029137 -0.6833467469595705 -0.4714123187692525 0.09287739663730016 0.36548270453463305 0.039579473818850776 -0.202031158718821 -0.27490294165659035 0.5697260274762883 -1.0333158564668847 0.34834457129214974 -0.12389756342334288 
73 -0.4439609637429014 -1.5623919562094628 -0.468380893306159 0.295504595648115 -0.49134749341727174 -1.3333113908535852 -0.4500979914653106 0.23479327332304 0.6807807363646787 0.2098069318737256 0.17086328957277042 0.5263396691556731 -1.0243304555118296 0.29554212456786094 0.029775753325059044 
74 -0.7557777979784684 -1.7892963954520325 -0.7247050871508522 -0.053606189030329154 -0.02189259098894143 -0.6820342174350918 -0.07428090021705207 0.829928272642103 0.2364495612215023 0.1464269961831097 -0.25199997275737673 -0.34197083108852244 -0.920084997230334 0.5357573278747979 -0.22926965517822667 
75 -0.92405627313039 -1.273164394150562 0.12122998597194504 0.10329434279753524 0.253539562947241 -1.447542440402727 0.5233995441707929 0.12750783374172805 0.4118253989273043 0.8348231648722051 -0.459028793527659 0.11136373197167199 -0.45005696037186127 0.3749832058924109 -0.5798994902817087 
76 -1.1462799505181231 -1.4309684899908646 0.1954293156223087 -0.38672986152618305 0.46830790263182775 -1.1749438721665135 0.5752445541146293 0.5029926568775546 -0.4951037828319124 1.0084099441944703 -0.03068562266482862 0.18741983969961598 -0.922839471392769 0.40579003088305043 -0.27430964191641627 
77 -0.8817471982379429 -1.2746131884386296 0.614043314757119 -0.5325723063310784 0.7958253295744322 -1.6389962249508359 0.8434555262066957 0.19560369900739438 -0.32672997583238594 0.9080422266083732 0.8666253707509575 0.19855545269173086 -0.35656712832115156 0.7286806329625071 -0.5480472486024249 
78 -1.00326820432916 -1.411538269068958 0.1863908273533861 -0.6769661608470694 1.4287337207576738 -0.5323190671675861 1.2604562937128514 0.03026232644238138 -0.9186063487147659 0.37867085571594106 0.5242338757969656 0.42368156981968036 -0.32956945575037255 0.5197428005336167 -0.6112143157620381 
79 -1.1178617397789037 -0.7614106430547928 0.37376180922527896 -0.34527197916723856 1.6345239809584169 -0.8624759600347334 0.7373249793236517 0.003952947363401505 -0.7473744876191493 0.6763862738443526 0.564034837520233 0.9293610133725682 0.3516499467188054 0.4740801770127358 -1.324762852290121 
80 -1.2839019540863565 -1.8477007874261127 -0.5780265646666863 1.7894275275386102 -0.30999361203522424 -0.36131640014258115 -0.47035485761761325 -0.19153717398063747 0.29630058754766975 -0.41098859930401677 1.0636283980742238 0.9248749945752066 0.022665321191422765 1.049383082224618 -0.2845776646153001 
81 -1.2796574065706507 -1.8736707413389264 -0.6545805067963684 1.3557367670400529 -0.5796118468916411 -0.5672270794857767 -0.9718020647339006 0.40439543699325237 -0.5655787928883858 -0.6399269011701879 0.1364493450379927 0.396377328283218 -0.035482094296755105 0.9222656018751024 -0.2569823879908393 
82 -0.9729278655588567 -2.042617804723675 -0.352907525920969 0.7454514827663348 -0.904787095387197 -0.5637194112575435 -0.9624832606858111 0.8726473234572297 0.48404242724980767 0.0032001087716124633 0.02732791897130461 0.9604950418768955 -0.49345717938488515 0.5405622443880793 -0.6127904899882786 
83 -0.8036900284658228 -2.475504377624467 -0.21822548127933608 -0.018871893261153495 -0.6933560039451442 -0.6198487341403335 -0.5551639525387543 0.22606922359438697 0.3713860296248315 0.04368368635132113 -0.1908068281775049 0.12591032242218209 -0.7197564578927813 0.5162032200654747 -0.22527373760371208 
84 -0.9164258522308519 -1.8231506027240378 -0.45210916957882863 0.2979559719778109 -0.11619299404211018 -1.0715401015774069 -0.20994203684381868 1.0249221794929886 0.9374977764654568 0.3108555321626169 0.3605752471877819 -0.10341237288364627 -0.8212301955138896 0.9478631076816894 -0.8670780146615734 
85 -1.1785643165951474 -1.8256328116169653 0.18483866383482342 -0.296633149776145 0.04395618116138179 -1.031737788066418 0.9349004241229618 0.49842574076248025 0.34881367899391136 0.635723399676291 -0.5656802573099987 -0.2987922481316225 -0.17516846971077651 0.8472486809571417 -0.25329814408044315 
86 -1.3865020858444626 -1.3931912953382395 0.47489666097876976 -0.3451066138297923 -0.04473049924257398 -1.4590742103921426 0.7950710074857001 0.6094792822956848 -0.19487585368896607 1.3848021055015498 0.22080520927470884 0.09853504255006565 -0.24805927588903262 0.6828075583278587 -0.30448384431827125 
87 -0.7709492108569446 -1.8435952047294233 0.7485529937608362 -1.0457975651021614 0.5451946169035112 -0.8707241131930706 1.0278283300385396 0.08092400516499453 -0.6422725035015688 0.7680573758632847 0.5268603272298567 -0.0359245145849824 0.43411784292197003 0.5637229924070903 -0.32427387147991354 
88 -0.7640601406715704 -1.492413575837387 0.40380756053710615 -0.6720151601495267 1.3846547825757811 -1.0257184695163115 1.268237530722521 0.030630881308227876 0.23366137822978506 0.5284104918006817 1.060068618554479 0.7441316445362215 0.24197854884062667 0.4126795047467514 -0.6649180908804259 
89 -1.225154234554934 -1.5285210342892033 0.4197316303882258 -0.5281642132651553 1.9093189835155877 -0.4296101504134128 1.3124232589633016 0.5464390620503483 -0.9389586140167598 0.1830502026511722 0.6547678121944317 0.7203554851999746 0.6820181281865736 0.5783101185502826 -0.6075451386834272 
90 -1.2425933443526438 -2.3371115461347234 -0.6394543090911236 1.4898495604687145 0.07540953276646023 0.2800855195552477 -0.3267656573134645 0.019634153311618018 -0.2097093013720594 -0.42500945111720173 0.6912094325068399 0.4982418381754698 -0.26313299072796537 1.253715595748543 -0.2572963413612268 
91 -1.18344013144034 -1.9050707047529623 -0.18057187980960868 1.8342012455409613 -0.25600399698661364 -0.5634521218333248 -0.756878359000653 -0.02528934392960655 0.3245234682979914 0.008040542593493256 0.6277302904853257 0.606695848267534 -0.209216169059725 1.2265408324103872 -0.3273417970622901 
92 -1.3562671775289823 -2.4875363873035727 0.11533580210155885 0.6190888032845282 -0.7990917362358241 0.16822485183775435 -0.7054696957112903 0.5066219969108604 -0.33359939399750527 -0.026742547974138862 -0.3058899250525516 0.7960986496218009 -0.18613739845473493 0.8999383116033226 -0.31728113787272316 
93 -0.9164760945726615 -2.5338322909720197 -0.1171633572968276 0.46031742076676246 -0.5551137418367001 -0.2330035592432225 -0.8932799632627085 0.24474233603580195 0.7687006065862615 0.47521081677884136 0.26311481377420287 0.33015442109615334 -0.5285596095045723 0.9461023937126206 -0.8726086422506795 
94 -0.747339544567424 -2.7669624402591473 0.3308151682077569 -0.2578106033912491 -0.23408174440899426 -0.23837788243237742 -0.16340479799356455 0.9992373832674657 0.5485616943496991 0.26005023122677245 0.27079230357768413 -0.4109936431286291 -0.537282607248882 1.3063891329227224 -0.4906850118994465 
95 -1.1537877133890573 -1.6855578505730624 0.8037275091669512 0.011761453690040297 0.07259143910291188 -0.7860744086783226 0.21262278213195054 0.9407104654856787 1.0981295849393027 0.780080518165917 0.02947807789795803 -0.33806848982085375 -0.08909556274221275 1.1208361111400598 -0.5322911985056885 
96 -1.3820131882308764 -2.0653932916781854 0.16309189129692578 -1.0705767296605717 -0.05371881991671531 -0.3624326529896451 1.0742221560380791 0.6912335582540149 -0.27984935124708205 1.3355385496192291 0.18531137976838372 -0.3389515652818075 0.1972445432240485 0.9695828125493304 -0.34162289459096834 
97 -0.8299675492910756 -1.5663661355783491 0.6417824837969678 -0.7674827408181075 0.3949916712087004 -1.345310331508731 0.39651005021181174 0.5396888735785722 0.19072186598016105 0.7781382730041719 1.018118444182706 0.024679301649336412 0.6816064257898603 0.906845737883111 -0.25115657707980427 
98 -0.8542035430275238 -2.3254042249105376 0.3685555500922249 -1.019953077713904 0.765689523888294 -0.5034998984522141 1.6546623566094552 0.4719032749593202 -0.055494371620516465 0.5523771789282054 0.7892939259978655 0.22678160318548174 0.9405351663816224 0.6289169537176434 -0.18790431184655873 
99 -1.0052901225663549 -1.7813231169805026 0.7020054822628486 -0.5578188220257446 1.155415535918639 -0.9895317906873946 1.537582142140389 1.0834427427125806 -0.1455219435563088 0.3083568218620009 1.294687123850995 1.1818710858013652 1.6411709644101868 0.6625302200750484 -0.22007393236031494 
