0 1
0 10
1 0
1 2
1 11
2 1
2 3
3 2
3 4
3 13
4 3
4 5
4 14
5 4
5 6
6 5
6 7
7 6
7 8
8 7
8 9
8 18
9 8
9 19
10 11
10 20
11 10
11 1
11 21
13 14
13 3
13 23
14 13
14 4
14 24
18 19
18 8
18 28
19 18
19 9
19 29
20 21
20 10
21 20
21 22
21 11
21 31
22 21
22 23
22 32
23 22
23 24
23 13
23 33
24 23
24 25
24 14
24 34
25 24
25 26
25 35
26 25
26 36
28 29
28 18
28 38
29 28
29 19
29 39
31 32
31 21
31 41
32 31
32 33
32 22
33 32
33 34
33 23
34 33
34 35
34 24
35 34
35 36
35 25
36 35
36 26
36 46
38 39
38 28
38 48
39 38
39 29
39 49
40 41
40 50
41 40
41 31
41 51
46 47
46 36
46 56
47 46
47 48
48 47
48 49
48 38
49 48
49 39
49 59
50 51
50 40
50 60
51 50
51 52
51 41
52 51
52 53
52 62
53 52
53 54
53 63
54 53
54 55
54 64
55 54
55 56
55 65
56 55
56 46
56 66
59 49
59 69
60 50
60 70
62 63
62 52
63 62
63 64
63 53
63 73
64 63
64 65
64 54
64 74
65 64
65 66
65 55
65 75
66 65
66 67
66 56
67 66
67 77
69 59
69 79
70 60
70 80
73 74
73 63
73 83
74 73
74 75
74 64
75 74
75 65
77 78
77 67
77 87
78 77
78 79
79 78
79 69
79 89
80 81
80 70
80 90
81 80
81 82
82 81
82 83
82 92
83 82
83 73
83 93
86 87
86 96
87 86
87 77
87 97
89 79
89 99
90 80
92 93
92 82
93 92
93 94
93 83
94 93
94 95
95 94
95 96
96 95
96 97
96 86
97 96
97 98
97 87
98 97
98 99
99 98
99 89