0 1
1 2
2 3
3 4
4 5
8 7
9 8
10 11
11 12
12 13
13 14
14 15
15 16
16 17
17 18
18 19
21 22
25 24
26 25
27 26
28 27
29 28
30 31
34 35
37 36
39 38
41 40
42 41
42 43
46 47
47 48
48 49
51 50
52 51
53 54
54 55
55 56
57 56
63 64
64 65
66 67
68 67
69 68
71 70
72 71
73 74
74 75
75 76
77 76
79 78
81 82
82 83
84 85
86 87
88 87
89 88
90 91
92 93
95 96
96 97
97 98
98 99
11 1
12 2
3 13
4 14
5 15
6 16
7 17
9 19
13 23
14 24
18 28
19 29
21 11
20 30
21 31
22 32
23 33
24 34
27 37
32 42
33 43
44 34
35 45
36 46
37 47
39 49
42 52
43 53
45 55
47 57
58 48
49 59
51 61
52 62
55 65
56 66
59 69
60 70
61 71
62 72
65 75
67 77
69 79
70 80
83 73
85 75
87 77
78 88
80 90
91 81
93 83
94 84
95 85
99 89
5 6
23 22
24 23
38 37
34 33
31 30
40 41
44 43
44 45
61 60
62 63
66 65
73 72
78 77
81 80
83 84
86 85
92 93
94 95
0 10
10 20
22 12
16 26
26 36
38 28
29 39
38 48
44 54
46 56
68 78
64 74
71 81
72 82
79 89
82 92
87 97
88 98
86 96
30 40
40 50
50 60
