100 5
0 -3.275416 -3.414258 1.892151 4.561183 -4.266817 
1 -6.811161 -4.406897 4.163396 8.946166 -8.832054 
2 -0.558669 -1.568313 1.958393 1.561728 -1.130603 
3 0.527077 -0.300547 0.246279 0.338990 0.859281 
4 -3.855562 -0.780482 1.744330 3.893586 -2.731474 
5 -1.720127 -0.193141 2.171257 2.895254 -1.696761 
8 -8.217966 -1.130054 1.228287 8.143018 -7.598001 
7 -0.562402 -0.040018 -0.616739 -0.079321 0.064530 
9 0.000000 0.000000 0.000000 0.000000 0.000000 
10 -6.264993 -4.220623 3.731325 8.164491 -8.109692 
11 -4.949091 -4.912592 -2.264842 8.154294 -10.103978 
12 -0.550818 -2.275306 -0.436728 2.651513 -3.346335 
13 -0.523138 -3.257678 1.276737 1.944283 -1.915545 
14 -3.404691 -2.446274 -0.403919 2.268352 -2.753529 
15 -0.905824 0.912952 -0.985409 1.868642 -0.658561 
16 -1.064765 -2.859227 -0.606292 2.651582 -3.566881 
17 -0.619192 -1.569720 1.547154 1.938984 -1.203456 
18 -1.211575 -1.665280 -0.896429 0.003375 -0.489413 
19 0.434114 -1.112809 1.219990 3.121664 -3.389524 
21 0.000000 0.000000 0.000000 0.000000 0.000000 
22 -0.328842 -1.543506 -1.481289 0.898562 -1.247310 
25 -3.861820 -0.651459 1.853097 10.780835 -8.074931 
24 0.042606 -1.481115 0.433711 -0.263372 0.465486 
26 0.624496 -1.191795 0.186123 0.735107 -1.539253 
27 -6.933744 -3.487876 0.431892 6.225333 -6.847815 
28 -3.281167 -3.332576 3.591600 8.660552 -9.751099 
29 0.081178 0.458673 0.140054 -0.422286 0.823040 
30 -9.219896 -3.564756 5.158114 8.717719 -5.428644 
31 -8.156967 -1.105842 4.278894 10.008636 -5.857202 
34 -5.485486 -1.194938 2.044651 8.817761 -8.350533 
35 -0.172099 -1.368650 1.087217 1.366761 0.699611 
37 -0.652865 -1.818337 0.797194 2.461747 -3.248909 
36 -0.535462 0.428988 0.550555 0.589436 1.060741 
39 0.325909 -0.682858 0.557141 0.778057 -0.975694 
38 0.088391 -0.211135 0.713585 0.534746 1.172989 
41 0.769276 -0.576663 0.070092 1.507377 -1.147446 
40 -0.675072 -1.995478 -0.772286 -0.111402 -0.746996 
42 -7.336995 -3.902691 1.004085 7.432634 -8.148249 
43 -0.682553 -1.329251 0.374830 4.902553 -4.932778 
46 0.002424 -0.271905 -0.854532 0.413061 0.770243 
47 -0.178235 -0.918087 -0.061254 2.417068 -1.030097 
48 -2.997807 -3.575594 -0.952347 1.941412 -2.628269 
49 0.428686 -1.221227 0.328497 0.823726 0.574352 
51 -0.296590 0.114089 -1.280465 0.141225 0.742886 
50 0.673806 0.233863 0.287489 -0.171286 0.864160 
52 0.021554 -0.989175 0.357574 2.017998 -2.330344 
53 -2.667191 -1.869938 0.438577 0.867676 -0.696239 
54 -1.169561 -3.290000 0.707852 1.373539 -2.516897 
55 0.899940 -1.519787 -1.502014 1.001680 -1.469506 
56 -1.354814 -2.630538 0.559965 0.951274 -0.549140 
57 -1.219818 -1.860339 -0.850404 0.765838 -1.065734 
63 -4.606776 -2.680073 4.120432 8.331720 -5.796246 
64 -6.809050 -3.336276 0.457683 6.098635 -6.677426 
65 -1.364387 -2.518802 -0.473820 -0.064286 -0.226615 
66 -5.704764 -5.768700 2.025030 7.318719 -8.977291 
67 -3.098228 -1.721769 1.293838 1.364312 -0.162058 
68 -7.044469 -5.394787 3.348305 6.608676 -6.155155 
69 -0.065128 -1.467883 0.766104 -0.119964 0.082792 
71 1.236351 -0.749569 1.391778 0.624169 -0.234546 
70 -0.524450 0.194255 1.351703 1.569013 0.293300 
72 -5.312100 -3.459660 6.013626 11.198293 -6.716625 
73 -0.080836 0.546654 -1.000278 1.208380 -0.576572 
74 -3.222668 -2.523144 -0.725787 1.508987 -2.034917 
75 -6.392230 -3.998168 -0.068352 8.147181 -9.704100 
76 -0.802883 -1.764391 -1.204539 -0.054783 -0.378071 
77 -1.284423 -0.936800 0.410277 -0.040771 0.885865 
79 -2.278140 -2.372862 0.998368 1.768507 -1.926425 
78 -0.118731 -0.401942 -1.314844 0.879394 0.567278 
81 -9.822071 -4.751885 2.531809 7.395056 -6.277381 
82 0.673805 -1.574711 -0.919320 2.916625 -2.398454 
83 0.753496 -2.002611 0.034713 -0.093789 -0.580340 
84 -0.081869 -2.479555 -0.517755 -0.007875 -0.514248 
85 -9.112671 -2.386228 -0.625265 6.927765 -5.232529 
86 0.000000 0.000000 0.000000 0.000000 0.000000 
87 -1.555047 -0.335372 -1.178506 0.420497 0.390758 
88 -1.752655 -1.025433 3.269218 3.252029 -1.831624 
89 -1.373334 -2.120501 2.335913 2.135610 -1.789754 
90 -4.292139 -1.438113 -0.721236 6.605050 -7.046241 
91 -0.888533 -0.804221 1.676859 1.259496 -0.608984 
92 0.727691 -0.853561 0.095438 -0.211370 0.096580 
93 0.544221 -0.081331 -0.268976 -0.676463 0.665514 
95 -0.623297 -2.518629 -0.599222 0.578075 -1.119260 
96 -5.277375 -1.357920 -0.742533 3.713139 -2.347126 
97 -9.544093 -4.403780 1.284032 9.565227 -6.740492 
98 -0.125325 -1.259652 -1.567084 0.411489 -0.561021 
99 0.349557 -1.916494 0.781294 0.392872 -0.640627 
6 -3.688304 0.489041 -0.532784 6.131206 -4.559362 
23 -7.607338 -4.381659 -0.141566 6.555272 -7.252125 
20 -0.230033 -1.112479 -0.706648 0.402333 -0.930290 
32 -1.408976 -2.971076 1.016710 1.754424 -2.510909 
33 0.556003 0.451306 -0.417534 -0.045829 0.732303 
44 0.000000 0.000000 0.000000 0.000000 0.000000 
45 -5.675856 -1.458125 1.826816 10.403597 -8.488012 
58 0.000000 0.000000 0.000000 0.000000 0.000000 
59 -5.952389 -1.053406 -0.446057 7.580074 -7.443064 
61 0.336706 -1.353917 1.275572 0.528895 -0.078109 
62 0.295652 0.593763 -0.240517 -0.103631 0.756687 
60 0.035734 -2.131935 2.924078 3.462371 -3.208095 
80 -1.440256 -1.980825 -0.502311 0.171512 -0.466162 
94 0.000000 0.000000 0.000000 0.000000 0.000000 
