100 5
0 -2.923237 4.128533 5.766076 -10.249880 -8.221178 
1 -0.211203 1.118479 3.162633 -2.718761 -1.714048 
2 0.513083 0.128524 0.080385 -0.070845 0.981634 
3 -2.692237 3.228266 2.960102 -4.549608 -3.187340 
4 -0.982904 2.788321 2.749444 -2.455066 -1.821568 
5 -0.459535 1.639133 -0.572605 -0.140546 -0.008844 
8 -2.977766 5.300938 1.766159 -9.198530 -6.841227 
7 -0.892876 2.981183 6.562415 -6.659626 -4.984743 
9 -1.451078 2.838343 1.004881 -3.096592 -2.187015 
10 -0.138615 1.631734 -0.791053 -2.705366 -2.758248 
11 0.960215 0.782573 -0.602099 -2.897538 -2.919667 
12 0.326413 -0.386158 1.347348 -1.962381 -1.056001 
13 -2.326708 0.661071 -0.553838 -3.641837 -1.813542 
14 -0.440835 2.816461 0.108600 -1.704760 -1.462151 
15 0.611781 -0.348845 -1.248073 -1.253646 -0.923829 
16 0.120966 1.034902 2.536652 -1.028967 -0.613714 
17 -3.811423 1.678875 0.958037 -10.303518 -6.162313 
18 0.953654 1.489510 1.252503 -1.211287 -1.695861 
19 -4.231791 2.891358 5.465450 -10.770426 -4.735835 
21 -0.337314 0.440145 -1.650712 -0.775754 -0.424696 
22 -1.780857 0.091429 3.425155 -10.427366 -6.996286 
25 -2.178184 -0.057474 5.581561 -11.900691 -4.932109 
24 -2.324992 6.191416 4.256104 -9.068271 -8.622827 
26 0.363223 0.071662 -0.061739 0.761476 0.686661 
27 0.465823 4.079476 3.426293 -9.632734 -9.991475 
28 -3.715797 2.979014 2.702276 -9.299905 -6.855226 
29 -0.057966 3.922571 4.146268 -7.791552 -7.851936 
30 -1.158347 2.229215 1.176853 -0.865965 -0.159360 
31 -1.552782 1.734662 1.747916 -2.058315 -0.909731 
34 0.111090 0.194167 0.681843 -0.168177 1.129762 
35 -0.218483 1.879896 -0.069961 0.124503 -0.368953 
37 -0.656353 2.141675 0.811063 -1.272641 0.038123 
36 0.106270 0.104628 -0.820368 -0.196028 0.846657 
39 -0.070475 1.127571 0.735390 -0.782930 0.986579 
38 0.016121 2.682368 1.921335 -4.905399 -4.674345 
41 -1.867276 1.963547 1.226836 -11.080080 -7.292445 
40 0.817065 0.679581 -0.298248 -0.208476 -0.285433 
42 1.135140 2.143915 0.207919 -1.234342 -1.990930 
43 -1.883551 0.516434 0.684774 -2.289040 -0.334272 
46 0.489565 0.818989 -0.709494 0.524477 0.379239 
47 -0.891315 -0.329273 -1.199244 -1.194748 0.166155 
48 0.511795 -0.635140 0.116036 0.493070 0.840216 
49 -0.991308 2.346810 0.084833 -2.067965 -2.085189 
51 0.966472 0.701288 2.591063 -2.663269 -0.262513 
50 0.704495 0.982964 1.796385 -1.912042 -1.597789 
52 -0.831575 1.682433 -1.625316 -1.811871 -0.271100 
53 -0.053973 -0.289240 1.002898 -3.087479 -1.873514 
54 0.892567 1.100877 -0.635535 -1.356410 -0.994541 
55 -1.699911 -0.917484 0.220983 -3.584034 -0.408219 
56 -1.909153 1.772407 3.566002 -9.692657 -7.679746 
57 -4.077817 -0.621644 3.045290 -8.862411 -2.545278 
63 -3.837495 3.124897 2.810596 -9.631007 -7.065303 
64 -0.828108 -0.420788 -0.419702 -1.983647 0.194132 
65 -2.250988 3.529943 2.115083 -9.850909 -8.771274 
66 -2.105930 1.070470 1.354702 -2.025371 -0.052638 
67 -1.147591 1.249496 0.857578 -1.520552 0.472419 
68 -1.158153 0.393753 0.210001 -0.788555 0.551082 
69 -4.404343 1.450674 5.244485 -11.293921 -6.478586 
71 -0.520578 1.977188 1.304657 -0.297217 0.302173 
70 -5.100664 1.296543 1.734623 -11.688843 -5.534079 
72 1.284135 0.884559 1.527219 -1.152890 -0.817781 
73 -2.149973 0.725865 -0.233899 -3.954119 -2.100182 
74 -2.264795 2.943574 1.353337 -9.382520 -8.020858 
75 -2.655711 0.995212 -0.756101 -9.975868 -5.970653 
76 -0.046667 0.099999 0.006488 -0.051135 0.029178 
77 -0.068733 0.044804 -0.916932 -1.292211 -0.128626 
79 -0.068987 0.638779 -1.329907 -0.307437 0.655795 
78 -0.337166 1.423673 1.683564 -1.032036 -0.431653 
81 1.192124 0.380679 -1.035087 -0.279702 -0.314715 
82 1.235188 1.101484 4.003324 -11.886250 -8.268509 
83 -0.366215 3.271339 -0.432922 -1.844698 -2.163044 
84 -4.723498 3.361551 1.374449 -6.819736 -3.800639 
85 -0.514909 0.626620 -0.426740 -0.761774 -0.620552 
86 -1.878602 1.760243 -1.002625 -1.193282 -0.087191 
87 -5.066433 2.358361 5.399640 -10.489739 -2.879748 
88 -1.079509 0.958167 -0.880396 -0.590557 0.254782 
89 -0.578034 1.871441 2.939974 -2.117809 -1.209627 
90 -2.527385 4.109198 7.325761 -8.479068 -5.307570 
91 -2.094965 0.958117 0.755775 -2.578384 -1.008561 
92 -1.489569 -0.150698 2.188746 -12.638168 -7.138154 
93 0.570299 0.236723 0.175162 -1.643589 -0.768610 
95 -1.289680 0.836769 -0.967326 -0.314165 0.538621 
96 -0.065663 -0.620803 0.028433 0.587603 0.885959 
97 0.138915 0.734369 -1.965163 -2.268075 -1.462307 
98 0.351907 0.263471 4.928905 -9.695785 -6.063293 
99 -0.987362 1.145827 3.283545 -3.914218 -2.681782 
6 -0.811054 2.064023 0.428537 -8.816459 -7.825207 
23 0.762832 1.305908 -1.285452 -1.013494 -0.162287 
20 -1.206960 1.256270 1.099185 -0.794250 0.189231 
32 -3.465450 2.718152 2.021146 -9.370725 -7.191515 
33 1.629452 2.746948 0.963166 -5.425268 -6.481289 
44 -0.340181 2.339107 0.717707 -1.514392 -1.817675 
45 0.611781 -0.545896 -0.130188 0.387415 0.648140 
58 -3.309322 0.263940 -0.758132 -9.394105 -5.511725 
59 -1.895364 2.652862 5.694642 -10.396020 -5.465610 
61 0.757611 3.352369 6.873109 -8.806282 -7.324424 
62 0.175576 -0.324933 0.274511 0.632243 0.788727 
60 -0.009828 0.845034 0.534200 -0.252993 0.445502 
80 -0.754217 2.174027 -0.377029 -2.486065 -2.571765 
94 0.435345 -0.758099 -0.798708 -2.142799 -0.362851 
