100 5
38 0.27588677 -2.0117743 1.0911856 -0.59146154 0.02870259
18 0.56110734 -2.7153049 0.6800925 -1.2119797 -0.1590169
28 0.18859956 -2.1890311 0.84253937 -0.81230223 -0.22974667
27 0.21247134 -2.088129 0.6145607 -0.75201774 -0.23106599
83 -0.045480847 -0.11067356 0.2627176 -1.6681277 1.9996898
37 0.006434056 -1.8618417 0.91775054 -0.49647722 -0.086509585
41 -1.6144164 -0.6182449 -0.7061477 -0.5420775 1.12301
31 -1.9602731 -0.7408635 -0.419582 -0.60758823 0.7056549
82 -0.12833647 -0.18404877 -0.1116379 -1.849267 1.635263
17 0.07755807 -2.4083169 0.4098944 -1.0514102 -0.48523805
47 0.073300846 -1.4162786 0.8887672 -0.17528042 0.36563072
87 -0.049243532 -0.6603512 1.6925654 -0.19898246 2.0075788
48 0.22769082 -1.7006363 1.3364434 -0.39052567 0.24935547
46 -0.016635327 -1.2920456 0.6038783 -0.058591604 0.44399178
72 -0.40000197 -0.23341034 -0.2850921 -1.5405084 1.5945559
86 0.018502481 -0.45443615 1.1497488 -0.42191395 2.032243
57 0.34418264 -1.2899015 1.3222407 -0.12397454 0.9065625
11 -2.571191 -1.1050309 0.15349174 -0.68069416 0.27402464
73 -0.41207644 -0.01705536 0.29070145 -1.2904073 1.996053
58 0.38667536 -1.6470729 1.536949 -0.36011946 0.46264425
85 0.014779375 -0.23691474 1.0879716 -0.6908419 1.9782639
54 -0.75808406 -0.6116844 -0.1954375 -0.24794297 0.9690256
25 -0.6756772 -1.4455705 0.2765197 -0.6538949 -0.31092772
26 -0.23125806 -1.788563 0.58938015 -0.68932134 -0.33060747
88 0.0406714 -0.8621693 1.8823466 -0.070115015 1.9817476
67 0.06052451 -1.014601 1.2095306 -0.027853275 1.1130884
84 -0.23847331 0.06805035 0.7129349 -1.1384321 2.1216502
68 0.13572203 -1.3003097 1.820337 0.059076965 1.0602144
71 -0.67653316 -0.47242355 -0.7659987 -1.763924 1.6362447
78 0.070854425 -1.0410142 1.9726619 0.030638954 1.6836314
81 -0.1371141 -0.3755673 -0.624655 -2.2255316 1.7412654
77 0.06957138 -0.7139611 1.5989903 -0.15160699 1.7680317
32 -1.7575154 -1.0655874 -0.43590045 -0.5566627 0.35757875
55 -0.16233227 -0.80195063 0.3666231 -0.12558575 0.8243594
13 -1.7977604 -1.1880338 0.1179813 -0.8160089 -0.2117043
12 -2.2525356 -1.217735 0.2522807 -0.76281244 -0.21103288
24 -1.1629003 -1.3582944 0.16868374 -0.6095237 -0.31617495
56 0.11543849 -1.1892525 0.6118304 -0.07735142 0.7223842
44 -0.9045128 -0.74323225 -0.3638473 -0.2253379 0.779461
45 -0.37158832 -0.8687302 0.14145193 0.051084314 0.8059431
34 -0.92353123 -1.1259471 -0.1852626 -0.32329598 0.1783318
19 0.5654704 -2.541155 0.7173347 -1.216827 -0.2004271
51 -1.3092604 -0.45351875 -0.6498525 -0.85155684 1.2747428
65 -0.16458826 -0.5879394 0.64523435 -0.1760884 1.2720948
36 -0.06752786 -1.4482101 0.7575983 -0.31810868 0.10591843
16 -0.324433 -2.1940608 0.5586073 -1.001603 -0.5261319
21 -2.3312075 -1.0288143 -0.096427575 -0.7270572 0.22076511
8 0.19357161 -2.5190587 0.4346607 -1.1605036 -0.3526408
42 -1.4461284 -0.63005435 -0.39758158 -0.6721686 0.8266439
63 -0.77861965 -0.084600724 -0.24890287 -1.0986574 1.5663282
64 -0.48283923 -0.2522515 0.1798031 -0.4857966 1.4050399
66 0.00042234804 -0.61048275 0.9446322 -0.13957317 1.4266509
15 -0.80399483 -1.6512147 0.3667188 -0.77970433 -0.5592574
14 -1.4711901 -1.4424924 0.2671451 -0.84381557 -0.49770656
23 -1.3886981 -1.1928405 0.035239495 -0.5622362 -0.11261229
35 -0.539802 -1.2144005 0.35871 -0.32417277 -0.0051663527
22 -1.9318719 -1.1531892 -0.100188956 -0.61830235 0.17878398
53 -0.9064605 -0.50866616 -0.36960834 -0.5845879 1.0680506
7 0.00031622365 -2.448661 0.22451538 -1.2347168 -0.46432555
33 -1.4583278 -1.0468973 -0.26200044 -0.20485488 0.29712594
43 -0.94839936 -0.7925267 -0.13065371 -0.41432285 0.5936999
74 -0.3400572 -0.041136015 0.4973639 -0.84015995 1.8129082
39 0.45911336 -1.9125221 1.2757232 -0.6011435 0.1480943
97 0.29068312 -0.6841915 1.608864 -0.33383796 1.9605913
76 0.0055436557 -0.5086849 0.96659243 -0.23063454 1.6998672
29 0.619852 -2.3689747 1.0984709 -0.9063526 0.040458955
40 -1.8982075 -0.6274611 -0.869437 -0.825423 1.2783905
30 -2.2062414 -0.91254497 -0.6744944 -0.65635574 0.76098156
61 -1.1268969 -0.41501084 -0.8827943 -1.3588 1.5020552
92 0.056002244 -0.114002444 0.14494176 -1.8159484 1.7647636
98 0.18733957 -0.8928365 1.7429003 -0.14148718 1.9460516
75 -0.14973333 -0.2262502 0.8874664 -0.50979763 1.7416238
62 -0.7505645 -0.27011853 -0.46159434 -1.1137515 1.4882685
10 -2.707426 -1.2003806 0.03447572 -0.6478589 0.3577391
93 -0.10179413 -0.018205823 0.3610551 -1.6960793 1.7686642
52 -1.183743 -0.3285853 -0.35783768 -0.66392577 1.2087159
89 -0.062073495 -0.8296689 1.9531177 0.018371738 1.7722323
91 -0.07540159 -0.32283205 -0.31660914 -2.1028297 1.764069
96 0.081976384 -0.34210068 1.240134 -0.5680233 2.0375853
20 -2.4149437 -0.92766005 -0.28540996 -0.53289074 0.49763796
50 -1.3046209 -0.59498143 -0.9412407 -0.85122925 1.5547882
49 0.35774937 -1.799435 1.4762825 -0.36501876 0.31778288
59 0.2600143 -1.6481001 1.6679665 -0.31794718 0.42290986
6 -0.55393136 -2.0239246 0.23315036 -0.9131397 -0.55290335
4 -1.5223736 -1.5865797 0.26047906 -0.8816042 -0.620156
95 0.1206832 -0.32928044 1.0395281 -0.83876127 2.0209668
5 -0.9899848 -1.7689785 0.101910055 -0.8569965 -0.5560102
79 -0.05313196 -0.9271268 1.7650942 0.040289663 1.6530589
1 -2.5520678 -1.175482 0.363585 -0.73588204 -0.053868722
69 0.06866971 -1.2126646 1.6531513 0.10974923 0.98193115
3 -1.7227155 -1.2426335 0.3502861 -0.7196721 -0.3769471
80 -0.29754248 -0.6259067 -0.90099776 -1.9770266 1.5317686
70 -0.67110974 -0.6184317 -1.0046856 -1.7403642 1.5399919
2 -1.8987017 -1.2132623 0.2077849 -0.7096785 -0.26828936
60 -1.1176268 -0.54659915 -1.0217581 -1.4541922 1.6581764
9 0.44943735 -2.4004664 0.51595116 -1.1421167 -0.1718492
94 0.11864816 -0.12406246 0.6933556 -1.2862375 2.0715995
90 -0.051467933 -0.48229533 -0.4498118 -1.9113437 1.4825376
0 -2.6950502 -1.1159295 0.17830624 -0.8069347 0.11344393
99 0.007124928 -0.7347067 1.6696575 -0.057272628 1.8702153
