0 -0.664742646635524 -0.5910814117212675 1.0551786340681886 -0.9011851298310692 -0.043159768691792576 -0.23841640327623015 -0.799515061368158 -0.01999019759436519 1.0364980256648153 -0.4948069985605484 0.42393220169452017 0.3213950874314812 0.6387003102618989 0.909108484363729 0.5716387285279628 0.3096061986626209 0.7874131406765885 -1.9128173931965176 -0.2279298825228579 -0.4371655816721773 
1 0.047673761442452604 -1.4065399160595775 1.223246218541516 -0.9291350467190613 0.5946805646517246 -0.1534692216358407 -0.47514057024487033 -0.3405523210067189 0.8465805047172014 -0.5441180329328739 0.44182366956640384 0.3107954443883436 0.06284176771709937 0.22559032977070498 0.34294036504305014 0.17240786153863796 0.7663708229320487 -1.3210544146299907 -0.04862138908189944 -0.9307577451796198 
2 -0.3661562480924554 -0.4693952062654912 1.0762955937492664 -1.220798399214264 -0.0138420190344834 -0.38436699240245675 -0.7486617858767806 -0.0762359698786005 1.1839577012793157 -0.4985212175284805 0.8539628721229532 0.15599219953689786 -0.38031258324182554 0.6426616218742758 0.45600532581986863 0.5936748300883896 0.6156779489676574 -0.6653014997641703 -0.62468132981697 -0.5652473776756901 
3 0.7247789778056121 -0.564979346691434 1.0002736275638044 -1.0262659986815958 0.35030878807170523 -0.3470424119322985 -0.10598002907845018 -0.17783594107495643 1.0126892890994292 -0.3188116066020019 1.0896922538875957 -0.2918241482713084 -0.649055156815621 0.11622067496278854 0.05904406958701964 0.16652038171305683 0.9525556643563633 -0.2941317856519484 -0.4695092944877488 -0.5872717000384926 
4 0.04324878076182812 0.06383353296708447 1.1778636149534152 -1.0555659687040073 -0.3576145855151147 -0.3261684159745679 -0.16163441989892627 0.0017999946460378648 0.514897461661166 -0.03413061043476323 0.8758756797313884 -0.5654085555066356 -0.6499936463211998 0.23520239098738527 0.09665151041361954 0.2941709098095996 1.2638194295625165 -0.17650081772725196 -0.7631325458724328 -0.5315383073607031 
5 0.6460766675694415 -0.576163558196165 0.9988201464036424 -0.7766619391432553 0.2574428020469689 0.013783128003597756 -0.005605630760121962 -0.07631282481274373 0.04124560908669386 -0.21298497448976744 0.6295450128973821 -0.42767358001654326 -1.5884777903058191 0.17550496402588595 0.25804020121149257 -0.46236165091611114 1.085555496022359 -0.2552164231306766 -0.9027857261342036 -1.0368534600348323 
6 0.08393524915237173 0.007775457648977349 0.5376045821881653 -1.0545927442305687 -0.5137832867186524 0.01224165529221032 0.08072374395513013 0.7437459108791151 0.2965624666534015 -0.1295315866964475 0.7481215023642424 -0.6128559668774717 -0.7356643446367743 0.1612006481092106 -0.2104964665772351 0.07667220187776508 1.4633478164581244 -0.2298602874520606 -1.0378821362873785 -0.8290535922210811 
7 1.0394862197323675 -0.06545304381518822 0.2203084794270705 -0.5582423632947977 -0.1885281316360586 -0.7054840973251665 0.6247111693462897 -0.10185969669998596 0.4310403456826108 -0.8915305150520944 0.8176726741001097 -1.1501604636586598 -1.0530000986643675 0.8233750198054618 -0.5122152493667942 -0.7525550645883188 0.3387120205049541 -0.8578805850639144 -0.49565702677813905 -1.0005625322052758 
8 0.38933847504920266 0.4614854135909377 -0.4243909455509882 -0.4632588169984843 -0.765222001279256 -0.5170521336597357 0.5306254058160189 0.6035959433170967 0.43031527852254037 -0.42822493282286833 1.0350840841644904 -1.5828001489818457 -0.9340648464285949 0.9329083797305885 0.06840781476310649 -0.5931876081473024 0.03379562161710188 -0.9653882952148688 -0.5656232674544734 -0.9564738892609482 
9 0.6489970893703473 -0.1303680693140235 -0.8594950533473021 -0.7020800038352778 -0.009186779199007948 0.08562129175202352 0.37957980654928586 0.11307245695775824 0.03820819563087183 -0.29001701539558566 0.9427215042828624 -1.168726041121128 -1.1519982185560822 0.7488187739507476 -0.13247416133348677 -0.4087392517832261 -0.2660810372893758 -1.1594568869965067 -0.03251667420233697 -1.323141319868245 
10 0.006427894958307808 -0.9210806326015428 1.0700616190076544 -0.6793232110132775 0.8408901776423481 -0.13395986431886023 -0.8307238650931517 -0.17884052400404815 0.2991060766182792 -0.5365670700584411 0.3472524291381867 0.04897960765296986 0.07235718715425632 0.45356562414846885 0.5675714186374501 0.47705835597106233 0.08074994240392784 -1.7790456818034803 -0.3927187929512256 -0.6473666450165171 
11 -0.309398023690488 -0.8450596081279192 1.1065977363866877 -0.6304067872905144 0.16930700636655577 -0.174521613756253 -0.7898265831846384 0.009685253518163624 0.7469582564251193 -0.3307865987013705 0.3095937044294925 -0.01678701532538317 0.5701283344593048 0.35888684737335047 0.2593959739130436 0.5083732772101812 0.6313741979561408 -0.8620667145291829 -0.2980654041859922 -1.1316102189286608 
12 -0.20841054906201284 -1.486050868151772 0.9015619152372115 -0.8242110352578484 0.5189749987876556 -0.4156243350533664 -0.3784572215458638 -0.36001161128568837 0.6054089356764513 -0.37880334954500755 0.6157653481177844 0.29395058045965494 -0.1199759201984247 -0.11435210304413666 0.3451625977104107 0.06153605957006977 0.24118225721801295 -0.2337506413063093 -0.5989881328166922 -0.8079465504312249 
13 0.4221327262462435 -0.4378170930963885 0.8754616954594548 -0.9513694238990833 0.466978348581709 -0.5748169906233103 -0.22806724630826647 -0.0018407002567512251 0.8227218185572004 -0.024687615461997874 1.0365954377347792 -0.49590132898711453 0.03255467543343127 0.0987797435572367 0.014976576338946333 0.6823147173019498 0.6803945877635852 -0.11603600613598178 -0.7365531708444022 -0.5065486340030128 
14 0.3401801729704079 -0.4907465439204607 1.037912329678129 -0.7527980628323822 0.47551980666845256 -0.1531744230561355 0.3268381561435533 -0.2752948072313947 0.16079445774136836 -0.1949878650247072 0.8437384822046003 -0.8254724645585079 -0.8431995476133506 -0.14516052884003477 0.009157011793630723 0.1772329079267236 0.40578985008791335 0.04566513947057893 -0.6087000412171242 -0.7178837928209834 
15 0.17648928282179455 0.16836606190476153 0.838019917108475 -0.8684438291902661 -0.18903573684553313 -0.6140797265929964 -0.11238807833125673 0.32464424176288265 0.3532763265257447 0.16113142009653103 0.7363670091432735 -0.2293411077693048 -1.1847524304473633 0.2383280505227259 0.26713434787781465 0.27192364095573174 1.16659512854134 -0.017985143392007307 -0.7009306169687319 -0.9090721139557819 
16 0.7925517411189342 -0.30812562678409106 0.3286351574182894 -0.6483271175847477 -0.1891158012024818 -0.05697362722982949 0.6454599441962181 0.5548398592121571 0.18119943877356906 0.012670685669998995 0.5267943434378312 -0.2770547286598004 -1.0230285711240354 -0.19139571413188464 -0.29775624375977633 -0.5062018336743996 0.7809521647541332 -0.5347027961080442 -0.9942604256062555 -0.9043309067526283 
17 0.404131273241575 0.4442504146697923 0.23928141151963594 -0.8370057069431314 -0.698716565055821 -0.4137769407123 0.4990200407174502 0.39536017852228966 0.33730452012806755 -0.19575201977849627 0.7484506496895307 -0.7447573276070836 -0.9448401764244194 0.6473458770122091 -0.3540458162086331 -0.18314229513740382 0.7117531251759688 -1.0664046174618802 -0.8648798509132848 -0.7741339568551749 
18 0.6123498285825242 -0.13472291137592712 -0.6282795629053859 -0.2963158414455944 0.059729766594237496 0.5233259674782141 0.7252492139565587 0.3049026142678352 0.34715426251959797 0.5690222882189832 0.7571848342679315 -1.3519009206465502 -0.11385229122760178 0.358628718232302 0.4594753826010606 -0.24324891671125382 -0.6257774552772541 -1.3999109622969936 -0.17237234642516042 -1.3185035435522092 
19 -2.986674900310057E-4 0.3649676516935494 -0.6534334523120662 -0.5476842231939679 -0.687285225562032 -0.05293543113675864 0.2791309115528952 0.5221307216731872 0.3004356016330646 0.17269323409730244 1.0007146397695925 -1.2217092472912938 -0.4251886898627255 0.8433832653144259 0.41441827015131694 -0.33460832643314037 -0.2872795903340143 -1.0723013108193806 -0.2466752459380992 -1.1940476439234187 
20 -0.39966085967813925 0.22402774347553148 0.8839804993829007 -0.5826303561652074 0.43648850856442545 -0.514649099958251 -1.433792368320421 -0.3315106081274076 0.3997000205554255 -0.40498454825884395 0.4749498914373448 -0.18858160733029553 0.48646658530111714 0.6869775207967551 0.36014076898568304 0.442304309033315 0.11142835271115548 -1.4538748753016322 -0.594083249352294 -0.5571962183560856 
21 0.2052051454499857 -1.4007025462000358 1.0750947514557085 -0.2607506709115911 0.4810418660901434 -0.09441592646003698 -0.8426151487488635 0.07055706804283055 0.3399817775822824 -0.3758146694363354 0.41367347578196945 -0.02352302516813882 0.4994986266030804 0.2203987908223174 0.020332172496856978 0.32659731979883444 -0.08194528919488207 -0.5882716414628957 -0.37665439763274616 -1.2338361411190042 
22 -0.5174834698822945 -0.894850957829466 0.6098052562812821 -0.7002726346941943 0.6295486054185917 -0.5626190182428799 -0.5125620835934753 0.4921815122160672 0.9576297582489185 -0.21979254294271094 0.43311072682408264 -0.44434744420786 0.537342160777886 0.25938203673493365 0.3618731716924334 0.4427318741384847 0.3624208983844926 -0.06714669846181616 -0.8840488129263574 -0.5824188226645891 
23 0.1335983353500678 -0.5688751886764049 0.5422910127453611 -0.7586708522014516 0.886405221446771 -0.24868989272654157 0.07515144550617575 0.18070552652527133 0.4413481598529498 -0.1657590270954717 0.6225383848721845 -0.4022184603696175 -0.1812712760048942 -0.2744108769529569 -0.058062113791414 0.8345163050270199 0.39770995238754847 -0.1157693323840109 -0.6028337682673036 -0.7250632188271687 
24 -0.15839306549870252 -0.4113949014782763 0.6925605623762242 -0.8561253522274901 0.037037638439299164 -0.4137814325701195 0.2519425122578323 -0.08668795680035948 0.3572797533734103 0.2760477981809114 0.8449237146123719 -0.8938907047265046 0.25300372356036366 -0.1844255809280278 0.0814649617412988 0.8663428742802032 0.33864536812893886 -0.15390786855264083 -0.7628225185542669 -0.5075129059078518 
25 0.40395134030944435 -0.6089240447648451 0.3966916941312125 -1.0486168478722722 0.27140711627958886 0.1803794909111172 0.5139172496763028 0.0916233440869502 0.09140392833222541 0.5306881838674548 0.7758540490326973 -0.3832522190830002 -0.37239832222776764 -0.5579310600019468 -0.5069097904639255 0.2363790353163835 0.08148352364045924 -0.3330756528050989 -1.0183117644965816 -1.2467333869480957 
26 0.0013445960490800577 0.24245570482192902 0.20891287396387634 -0.4934100895701371 -0.19192578229656226 0.042929663039180804 0.3435627700163291 0.4787995896633637 0.5266531249978201 0.6921525960698482 0.7568819096076209 -0.11938348629409717 -0.49255823169372015 -0.14045766995555678 -0.06437693601878085 0.556887922025414 0.3931809141510183 -0.5793473540781725 -0.8876674941673838 -1.078943252318939 
27 0.77385990015312 0.05206357374956899 0.2531159365910818 -0.5422089580503429 -0.09008592064563109 0.4207401453820896 1.0169887012942134 0.526548510123433 0.1648361944887604 0.925348267554076 0.7966071176323762 -0.41151278252421125 -0.7139217689316513 0.002772780632963401 0.3281548435573461 0.3680381344168853 -0.33475759307117114 -0.7063809135142322 -0.6897167483002087 -0.8995395296866705 
28 0.17773602723420728 0.6775742560430469 -0.4703638584758714 -0.6925924396208512 -0.5101900709052234 0.1870163250690551 0.20856402009851685 0.7198332139174202 0.20786349036209173 0.6760954117357301 1.0808273873158545 -0.9170839704771526 -0.36660929312433 0.23669332747671779 0.4250806416663372 0.054638682607451 0.01366741737295506 -1.0555532122166056 -0.1645417937123943 -1.0262509991264053 
29 0.4628075229984826 -0.3452764524337177 -0.32654763872073556 -0.7853006344216308 -0.17641198449035225 -0.02057290635195367 0.5976666168183343 0.2915874767688937 0.3594894978783028 0.0979613856710492 0.43482504441522374 -0.5553064453069082 -0.8056638708870129 0.31183266163184326 0.2085203894613691 -0.5509015764471167 -0.833832666100871 -1.0163680878649053 0.018277303717419213 -1.6091188905545961 
30 0.22558772524156853 -0.37921141971386296 1.0729167389736827 -0.36879425050566594 1.0586307184880308 -0.38568506512232703 -1.1545537053923007 -0.15598931908518285 0.32779265762349646 -0.5611825410010064 0.1376792997131918 -0.29149860391854715 0.29990624811283606 0.3887481039684178 -0.09487601855255505 0.311610282959124 -0.41095278747183955 -1.2483438349082632 0.0534268950075648 -0.9000537682488435 
31 -0.20874546248729337 -0.4003905001731624 0.95308691394458 -0.47463312063955176 0.37055302164793674 -0.40867948916184454 -1.4500198021413329 0.3427126244849797 0.3316016910306566 -0.17088145995302295 0.6953920190172239 -0.15250941482309 0.7949384710169445 0.8582186713451799 -0.1254677876561958 0.5656433744629139 -0.21475399371458756 -0.8736776279237676 -0.5635416528030104 -0.7692694116131746 
32 0.07711659468660634 -1.2652814917007327 0.6215398581102295 -0.12107769980480512 1.3442103098796185 -0.8313538913117241 -0.19977551984822078 0.1655075927539228 0.337144796802021 -0.16793559900951652 -0.11096774143180667 -0.5756817563034459 -0.247204687615421 0.04799972405027324 0.797590891006514 0.1723009828846298 -0.2128676592816522 0.1142075976486625 -0.8187969622827438 -0.8136139199898105 
33 -0.11993308247401768 -0.4171778207425283 0.5101704207000829 -0.5716652819938768 0.6099550874269718 -1.1703395141479622 0.10881500196732716 0.6993229749585559 0.5184223217483938 -0.08631852938527945 0.5172382198732152 -0.598465187307598 0.11054728031945864 -0.25957951519708256 0.08098704766422513 1.4015878656772947 0.17992330660717287 0.23613340336296032 -0.18947854171012016 -0.4278746935705723 
34 0.2551642695388721 -0.8399741351355512 0.6712552087077127 -0.4735652705681791 0.33391797743709367 -0.9363746125286783 0.23880263826877632 0.5239874085002245 -0.15338156823644766 0.2672011453576536 0.35007675804980243 -0.7813047456536405 -0.5905594196742157 -0.64430577476463 0.14167366257215572 1.0555683418202793 0.09475915150446117 0.15585167079111178 -0.14724107309640672 -0.7852538233621702 
35 -0.05552190401440809 -0.026851218420560645 0.42198338725793805 -0.23700717390690476 -0.23212213161469938 -1.7842925349018781 0.2790477613170262 0.6135870231136225 0.5262783040967085 0.9309865786813469 0.6057220547686949 -0.6285454349083806 -0.20451385853651066 -0.37457203215798685 0.008506550653779704 1.109152826258552 0.03161047277901897 0.07050765675357298 -0.27235266334154407 -0.37706910154761214 
36 0.7503685554047695 0.4097878026061526 0.08018841723788188 -0.6264280169359558 0.04761359565366099 -0.11623339852090997 0.8740143896246555 -0.2730115871404631 0.37775360967291066 0.7834931206918282 0.07781374766844315 0.06031539013535815 -1.1091942546081723 -0.5410493375441767 -0.3444485259735891 0.39060543621018656 -0.3970048024205682 -1.2677820354664164 -0.8820660740026126 -1.0308310728709371 
37 0.1471212909029151 0.6981467503308539 -0.1575835456712566 -0.7091079835747947 -0.4129522637543048 0.06218352306321595 0.6650566521246779 0.6850162963145495 0.4008056928165249 0.8625264747935865 0.7453563125301643 -0.24828251797355708 -0.49484764949403764 0.14391634384809787 0.4852615600753958 0.37696233717901917 -0.05350890265626451 -0.7804805558635122 -0.8102432217215392 -0.5587608054571164 
38 0.7552492404407175 0.05445341955410188 -0.335479460521345 -0.8039333563597659 0.07906652052840382 0.1638128487010383 0.3855228415455597 0.4294134930081916 0.19548891830307308 0.8355643018725587 0.8003246813635894 -0.3210749286623266 -0.564360736511331 -0.3684423152594491 0.36692664506362 -0.1850544618647568 -0.6247162852390858 -1.261634211100755 -0.21056690535979097 -1.231372656468416 
39 0.06432123264514915 0.56275466721761 -0.5202023206002914 -1.1846455261086268 -0.6157232123950372 0.12475780363225564 0.5891207534245982 0.3248615603613233 0.609485093352411 0.7259278926898032 0.44344337997150673 -0.22156918093400255 -0.1928685742063226 0.25415686683347594 0.5574080204310468 -0.12381441726935302 -0.8589168069186915 -0.7175752978730242 -0.02300827895207537 -1.160473549892399 
40 -0.734875569243248 0.013576428369085587 0.5648623461283795 -0.5038526227901213 0.9516510931665736 -0.8914778566775996 -1.0177120290765636 0.2649924805878912 0.037705512753329506 -0.382450534665682 0.27509633942880257 -0.5877948341897186 0.33289721444248166 0.6373300697254075 0.30203134435682283 0.41775289798043785 -0.48195793949060567 -0.8375181068726765 -0.4449509647344053 -0.6473982597845174 
41 0.18081303579528327 -0.7455683202614263 0.4708670161109484 -0.35486384172682983 1.3324520422360897 -0.6770603804977011 -1.0070794588252767 0.01944224540712301 0.0429292325381992 -0.2180507339798572 0.13759461238198484 -0.39135308092163634 -0.16718845463661652 0.10605506415843398 -0.014009305544883353 0.3429731496589495 -1.0925718353330962 -0.6519511766929991 -0.3810333352570927 -0.7465826856311191 
42 -0.41466922172682813 -0.3011944897101411 0.5314328680927725 -0.2578286783792866 0.9048300712979422 -0.7520767189997749 -0.647538145143799 0.587506359449261 0.4437672898346768 0.15584585817986468 -0.03314356685127911 -0.6608867577696383 0.2174791833300799 0.32296925982567604 0.4509872431586177 0.4594274855345354 -0.5165147191665928 -0.06930096189087387 -1.0371914532433473 -0.303291242081834 
43 0.22355389889402877 -0.7265791786912579 0.7235259420385859 -0.4418183614603219 1.1858609243402782 -0.9710268330106536 0.11611626409588331 0.5015036643849806 0.22770375320686145 -0.06386556924950956 0.09114034764906996 -0.5029199751165561 -0.28315336205229846 -0.19298548491057693 -0.03384800880133787 1.0902719607373879 -0.6284525372926373 -0.13082038292057988 -0.5052214082737849 -0.5626971535095049 
44 -0.24047756733841605 -0.17197583325770013 0.20266765053194508 -0.6789056088004656 0.25727765872385305 -1.2102546343993557 -0.5557353851150072 0.6731713453776087 0.18581069021252355 0.5766042896918332 0.3715044562974997 -0.5660931833981699 -0.46667810560473694 -0.28941175319241347 0.24342972452688283 1.5546657978384733 0.012626069659836984 0.3052337403067863 -0.4716382947658722 -0.5693319377131755 
45 0.31846895150420856 -0.8712984870885375 0.7088607566062399 -0.19260526331399797 0.10518190674574104 -1.3229960119163637 0.22486711512771704 0.34665669187010206 0.20058018920746853 0.7651252675242874 0.042614542986813 -0.6149525803542837 -0.6217848338577249 -0.9096071961889558 0.28345603705270356 0.913397931281239 -0.2561353070147826 -0.11841661059064615 0.02527380486754995 -0.4291899247885981 
46 0.23205214878716107 0.781395042197968 -0.17328202604337556 -0.2081565675506881 -0.19436614280792308 -0.22072384414764218 0.015157777054159417 0.5220705712826451 0.47642588329506963 0.8237691423885651 -0.21495924084056822 -0.14629803292745255 -0.6677653527692401 -0.4455389693801573 0.27135493537967786 0.7714906550031593 -0.5285390229884884 -0.7429222265485829 -0.9088900918233935 -0.6336258939209377 
47 0.5730600920243132 -0.004384682868391797 -0.09659062709537089 -0.30917631411788987 0.020149078423206585 0.1781776108537129 0.773373890286176 0.6252006383150751 -0.13920287519360472 0.8689534529992493 0.521840680153325 0.2489042295628795 -0.9373871088376937 -0.25738103444470833 0.40847782658516035 0.5667583558173218 -0.5711214238140695 -1.2606613283765777 -0.5401117625399339 -0.8971130418801682 
48 0.11288197013753777 0.6370077589882606 -0.06098247221365788 -1.106440565814017 -0.3506331247426814 -0.1700175874200768 0.5480219240246775 0.4515688809237249 0.4321075969507328 1.1135527410885642 0.9756603928126625 -0.09694572403384578 -0.3956973071585763 -0.1736706637377784 0.5285811882819087 -0.11225088342002465 -0.501786934273662 -1.128174754307729 -0.49695081777685635 -0.8159744972834378 
49 0.6124738029379904 0.23712608473452224 -0.12837846538168746 -0.9350515765081214 -0.3953175097313543 -0.05294658560631238 0.43508270927069925 0.20260082249137656 0.6242010103181233 0.3457560571417534 0.334071344151295 -0.201539285945241 -0.6195242563475568 -0.15046487651415166 0.22929553904535682 -0.08727567272804797 -1.138481204797649 -0.807528488750405 0.45536724516011823 -1.1389391115940677 
50 -0.1228144984944204 -0.11989464448682971 0.9497970231380786 0.0139799300591 1.318217243863743 -0.45464578467510314 -0.8218583852263976 1.0065719659503043 -0.43482609094101354 -0.39454374524651975 -0.07958966076287327 -0.36662619601023116 0.17376246754542962 0.4117273926606155 -0.17793981435255274 -0.16954320218261645 -0.8690680854705489 -1.101359130065117 -0.29812893737281027 -0.44889601844873955 
51 -0.2752364657664464 0.10858166898350827 0.5862746533059834 0.07479162911466086 0.9594893324462694 -0.8582255204533846 -0.4981322461785283 1.3215258431164547 0.3412055587679714 0.1490648687802884 -0.004081554643314295 -0.8247433596694527 0.6739151065323915 0.6271746736956505 -0.032067029103815106 -0.23361086105180645 -0.430807031411933 -0.8194822466333044 -0.7259677932721816 -0.07205005897792569 
52 -0.06479092764302438 -0.6426791423523059 0.5768148266432374 0.3354653868191365 1.1322926156029793 -0.3281975515012409 -0.5372069244198656 0.9616862280230374 0.3137057120488398 -0.22189581052631535 0.07923404415085392 -0.29617224927431324 -0.4909340282449601 0.10674263697534227 0.13576751741961796 -0.07110666793307656 -1.0386025471537566 -0.4534352760141677 -0.6325795257329326 -0.01228713423125876 
53 -0.2518618713600561 -0.12150894696167035 0.3948704901554053 -0.6055047535503123 0.1289355323927382 -1.2021360808655162 -0.01462013714798122 0.5555260562656004 0.020118506872572765 0.44342860019810176 0.016667800967582837 -0.8678149723391079 -0.16319223238993422 0.38224911275833345 -0.08676891446195407 1.5718866107612603 -0.3756154987519985 0.0989321838506123 -0.4702158852641776 -0.36410602583935725 
54 0.37339957068755447 -0.7863726671071675 0.26725191767200557 -0.4136759759319823 0.557286997624138 -0.5539682501651101 0.07605978837563479 0.36573546612041535 -0.21619431229607608 0.3984172477597704 -0.09165976393732961 -0.35521356336470816 -0.8197019948966876 -0.4451005611906691 -0.14257618457673205 1.1334654815954108 -0.4304247531255761 -0.10763027155852024 -0.157873034431493 -0.2860601416542532 
55 -0.09559934120365414 -0.042270746864378574 0.10922201583790674 0.08819834507861356 -0.27155082582170675 -0.7264713395073261 0.029222237187050516 0.6322026589497081 0.6438264787798527 1.0101483304550303 -0.23050752163503863 -0.3037008444864338 -0.3929479857204676 -0.4976633857312162 -0.19118712240363325 1.2672013856790352 -0.43940417039166135 -0.30349460083852114 -0.3374547115404136 -0.3166738918489234 
56 0.5977992824537552 -0.16435030804104744 0.1715718459223999 0.034976039705519955 0.014875883937012415 -0.13375025449519132 0.5155977251522321 0.7763209088786525 0.12299757335567454 0.694616763016174 -0.8132958010804396 -0.09529310912142758 -0.6125677805374845 -0.7956581003702063 0.5024603010127237 0.8111805482655619 -0.15053357232434184 -0.7620519111421176 -0.3172989877819529 -0.8493897241493349 
57 0.15258278463496427 0.0688635404756392 -0.24038845459615926 -0.5351493062409786 -0.5955601398910421 0.07673806253668872 -0.0206496604560858 0.9675674468350218 0.09568374608901764 1.0241929304626516 0.20917620537617448 0.04475788829518817 -0.4187313149964253 0.2614321883376606 0.2805923423950492 0.6829833305261487 -0.396176302425416 -0.831828537347563 -0.43518639295006073 -0.6311042924079017 
58 0.5541508633175325 0.10485190954512369 -0.4663298966240709 -1.1009092974593908 0.17436310566046231 0.05094490945034049 0.5727008679171034 0.17917887348830872 0.30825316013093823 0.8085964524666233 0.5320015470667885 0.18216008285398394 -0.6000288207759259 -0.25496324395725384 0.6958076527598406 -0.42170254694117715 -0.720599668715667 -1.3942084863187634 -0.30341452238910516 -0.7777064888761832 
59 0.4302708819245279 0.7367855249944041 0.08929513883798322 -1.0000087361673387 -1.0000295106940125 0.28075618218895504 -0.3574044062154986 0.6218196742426283 0.9737921836569713 0.34588527866330976 0.43933884922690974 -0.3179752490667465 -0.3267373874654756 -0.025549398190194278 0.7011439157661121 -0.2189983162101855 -1.330556291078164 -0.6553550742031634 0.33340129350597386 -0.8241624996847634 
60 -0.625762805795485 0.25599699959061817 0.7879913683751059 -0.38729624525111717 0.8952996156647889 -0.48429059558765464 -0.9333838369700476 1.1878154944990167 -0.04508375124692044 0.3939598694237949 -0.12027621896023419 -0.5270830780927072 0.299045934183716 1.1535754131972031 -0.3405610109725936 -0.08110452864356102 -0.49229213458321147 -0.626565535440038 -0.2160669659100174 -0.2505684147664605 
61 0.10843003161731193 -0.3202458206738318 0.7260940720409285 -0.17641163577855307 1.3654809361640892 -0.4976674333212017 -0.2695295587453996 1.2273443870591745 -0.09385831287308553 0.0648685047012871 -0.24667704186226114 -0.5576485753947259 0.24489420123152 0.6014283743553347 -0.735794968522522 -0.5682589009590799 -0.9277845586013407 -1.2128531392609325 0.012766917854747003 -0.07557785336815312 
62 -0.37228682106023603 -0.1930272997140847 0.3545615209994383 0.6469563905448139 0.6839410989992508 -0.3661449071289826 -0.6382835501545769 1.3367751021078238 0.9395571167966913 0.24529677567050312 0.08735646189959297 -0.3946150942129066 -0.3737974425717802 0.2726165216375579 0.15467630919047382 0.31051877884665324 -0.37310517006651384 -0.11043806420478015 -0.5091356958164696 -0.19347592248982667 
63 0.1289399596406469 -0.3917405152217161 0.32370983883314747 0.8104663279424836 0.7020311862147052 -0.7286691788649007 -0.1418599390750599 1.0406400660118653 0.7600896061720636 0.09524613665716314 -0.2516944079361354 -0.05252666688872092 -1.0480953951940648 -0.35564425242127623 0.1333202212681987 0.05636415865997771 -1.1501086787000334 -0.8812902796435089 -0.36486660172661023 0.0896119960170293 
64 -0.540377031304015 0.09422770290759155 0.268620440856281 0.5597500009457519 -0.1976467021725587 -0.921623661410318 -0.13749556893114226 0.9692285489782262 0.6380677938549981 0.3918700321678613 -0.25377223963314494 -0.47907979297558256 -0.7146492418461283 -0.3229885734765568 0.3159601932264301 0.4300337004060385 -0.7083415721985679 -0.48369536286539105 -0.23964222163869953 0.3779023453577065 
65 0.4045836515532261 -0.3518414416473209 0.256766489715975 0.028025434304348833 0.031199731468748562 0.02419774233981037 0.21329154592963798 0.8354214666910802 0.4797907734244044 0.7125979873593165 -0.346680295642216 -0.3426269311087805 -0.9309181480448331 -0.74463007943308 -0.11712502981686651 0.9678458426529287 -1.0227348312348605 -0.46097192174005497 0.015912572381011143 -0.046282786283656785 
66 0.5451702523211694 0.625505993237106 0.012525060163815572 -0.11191393761737559 -0.4619119594781036 -0.496684965464411 0.045129619409889195 0.9434577542988838 0.5925179990576757 0.917681830687377 -0.6570586555550422 -0.518898636781057 -0.4246684821762275 -0.46206925824664213 0.2706828471312113 0.7970894439235168 -0.07176814689194472 -0.19182697271325486 -0.20860455606601522 -0.21313411619794062 
67 0.9893220953421699 -0.14110135229555817 0.5408267366978441 -0.29732887092452426 -0.3162701857189534 -0.11480476485941923 -0.09542258507015978 0.4898198902524902 0.5848651996704917 0.41470603943147333 -0.943394753289006 0.12048463388332324 -0.9233716244856601 -0.46040086530426794 0.243731062657217 0.6302708341126827 -0.9998384030704757 -0.46808891542475484 0.4704181322091485 -0.6926024945926915 
68 0.4803693539942254 0.6217838244192511 0.3463115811357013 -0.9556454444022071 -0.7289763803101647 -0.14674656857872181 -0.6632663322803363 0.718596487511603 1.0091738415503944 0.19562261084297344 -0.09126611527616263 -0.3964978476377525 -0.41156950491567384 -0.17833756415205612 0.6583480963452979 0.6738495527989761 -0.7937432350498416 -0.6226472607202025 0.6545336932804652 -0.18674624397837208 
69 0.7530121464594849 -0.1071755245038869 0.5234470180127067 -0.8402277451448786 -0.6109963739404556 0.40794489396517664 -0.3776551810375814 0.29403128565305703 0.6343261814901124 0.5108697960577872 0.10922028731445356 -0.17955622744116478 -0.5159689817618406 -0.6287461708251816 0.6637865044422205 -0.18467735444763506 -1.3636465393527677 -0.7309107471486399 0.5569158255846199 -0.4379874645772161 
70 0.024887656559031787 -0.23221648307044895 0.8156563100142857 -0.30204085023132954 1.160176489176378 -0.4502835836876433 -0.8702821636020515 1.163426155868757 -0.2633561741391885 0.4357678324970259 0.2864535755157634 0.11839725575942238 -0.6039530136548916 0.6844166512478879 -0.6128085679998925 -0.8043631533362829 -0.5466889479952403 -1.0353323936377916 0.31863483690322836 -0.26088807405041814 
71 -0.45916991269586893 -0.07930533526081025 0.8334453791936559 -0.14506915218054697 0.8307324603245513 -0.3423090522153944 -0.46536930530547554 1.3102107932226466 0.2943129574211725 0.5524038956275784 0.04191029805547524 -0.8475666597533191 0.11297395596931424 1.178134815873727 -0.37325578986363667 -0.2647165832632275 -0.7639927902745278 -0.5470896051784857 -0.35218227404912583 0.2279547462308718 
72 -0.2259600707035144 -0.4139159080353122 0.7400600935899369 0.3634602173732003 1.188907693234412 7.605950754012419E-4 -0.3046433881157309 1.1391348283979077 0.62528085648829 0.1049376414231257 -0.10663184387868015 -0.547170880760133 -0.5880273013523718 0.4406157476082344 -0.29424280393829183 -0.28338072820877874 -0.7150498207174247 -0.5912140299832215 0.2677226058696611 -0.011349681901801153 
73 -0.5182124007450085 -0.04369492052930059 0.4341962537893875 0.20436760707426477 0.052799962591810454 -0.529924652481623 -0.4213723525800296 0.8797005154877757 0.9934224879951752 0.7002259346446887 -0.6069569729775832 -0.8354800365328834 -0.521493069907095 0.542051650693972 -0.26116498280169514 0.05242506368858918 -0.33816325910051603 -0.6647597637810108 -0.03975423507401356 0.4384678659590988 
74 -0.32526439524266204 -0.8877910318459555 0.4705005156841894 0.24850340441344437 0.10322131818257518 -0.6784724621391882 -0.020494596419025093 0.8014136862067948 0.45404097434453583 0.16420046555529144 -0.3985637776236839 -0.4481347468585494 -1.1842075813134718 -0.28275488523072484 -0.1173496085067529 -0.029765906275490764 -0.8215352536872137 -0.857075236736564 -0.23067411391346085 0.6808175316370222 
75 0.02270746166930375 -0.22870738981300287 0.284447397015299 -0.18020398012857936 -0.4660659682251624 -0.4503476217862728 -0.3244629605905574 0.7439970595020873 0.5795558852784035 0.6234843417705348 -0.16175208352069254 -0.4932399889555366 -0.5248777294465103 -0.10068980236435887 -0.4590816030124461 0.6928508563147184 -0.7680744323350742 -0.6382598122762385 -0.2122494552319422 0.8246126961687013 
76 0.8772966281580137 -0.4393988829218359 0.5264735739098805 -0.278088970753971 -0.3117819200443811 -0.39561482076170634 -0.02573189908707061 0.38957867286176606 0.6773489011155779 0.2570977528154261 -0.46242577283361563 -0.08044145637001802 -0.5301161778135721 -0.1943686577180472 -0.20808190925492734 0.6218816642973352 -0.7488086558347911 -0.5054155589404171 0.293209021726251 0.345009017990333 
77 0.6925273539615977 -0.06294615726483213 0.22674136675408496 -0.6021632988440965 -0.976640510926537 -0.2789436549193086 -0.729838348155224 0.6198320057836676 1.1926409654212995 0.4524221585263146 -0.733186006430411 -0.14363670136834122 -0.4816206853910859 0.41598694624386173 0.2878616316667233 0.2818223785379936 -0.6777266685626434 -0.30475416524871324 0.29724353095060857 0.23145580090733148 
78 1.0556614369867428 -0.21923877415575627 0.3336075548702671 -1.0036307176638226 -0.46819779440342374 -0.07685423721676372 -0.6390889372281328 0.3820328253623202 0.44273362602668526 0.02813018937076972 -0.451306439579771 -0.2833995906320484 -0.7711242480617666 -0.5201566700835655 0.9390940255103951 -0.20142070618455812 -0.9718346745180638 -0.6081874222689447 0.8524931121124613 -0.3780222350642752 
79 0.8209585221082947 0.36830085520846484 0.7082897362333315 -1.3204406833433664 -0.7825146400316282 0.2618474934805395 -0.47892108414936113 0.5943585567512624 0.7139005738250825 0.6639230776334586 -0.32320053774516666 -0.5348967684372937 0.07994520830559584 -0.08050739566090628 0.8563949411567857 0.06041064946827327 -0.6252192533369869 -0.5263218418259609 0.34812237969871773 0.09363568308584222 
80 -0.19677994962239914 0.0237162971379915 0.5174676304040763 -0.7395134439382347 0.7791290587315617 -0.9799862564839745 -0.6374685108164085 1.3808610810263455 0.48376944758085183 1.050152275220852 0.689925438517367 -0.01789568696114829 -0.45946684887666417 0.955151143909719 -0.5931469325733395 -0.8802369433765687 -0.36796099845317365 -0.4499130948379998 0.24046880520319006 0.12879448676275393 
81 0.24085437524292244 -0.3421705958776066 0.8540858433996248 -0.18779991937157864 1.1323334860961007 -0.168091889906454 0.02655966675379852 1.1326360739050336 0.24560236203873334 0.7964704982299479 0.1106028800842067 -0.40828669164397813 -0.7100414385016461 0.9583689737699395 -0.5575197487336491 -0.5825616162597583 -0.6038609205558023 -0.7304080891112035 0.19661872367411923 0.5273816167293075 
82 -0.7133192829359738 -0.013054884911433395 0.46747618905667493 -0.33428519564245246 0.805562845495468 -0.05838638681254071 -0.29468829297140786 0.9892914889395855 0.8841960560255782 0.916724187445714 -0.21028450864867682 -0.659321406709593 -0.7201298782632258 1.1676356699645676 -0.5645806560129085 -0.5514827686268243 -0.42873094830590147 -0.26730878609799047 -0.124973570582307 0.3753627244124164 
83 -0.1971729103754527 -0.7005562573645469 0.5907601392390576 -0.13476160947785518 0.5383626367094738 0.0428835718937695 -0.032052585863417735 0.7568175601758664 0.7814333411249492 0.6770728845540551 -0.5887471431947763 -0.850284477400738 -0.8677508096948287 0.12882187454277708 -0.37346219796907926 -0.5797675109830621 -0.43635097561710956 -0.8806653402145097 0.38398023545179455 0.468448482879999 
84 -0.05208271382965993 -0.4480110556790607 -0.09148185133256995 -0.36405953054573514 -0.1354396386266532 0.20822101371410098 -0.6460932862824607 0.861971686012477 1.230768626921523 1.1055548140266505 -0.337457031035312 -0.9684152062817744 -0.5736550587880129 0.5795650115375346 -0.24947882372854385 0.27333555494357803 -0.08945790386708324 -0.6586610016974122 0.09867335982887367 1.0129305361056606 
85 0.42123064438362573 -1.0375265588190687 0.4000575786174444 -0.26383329155311575 -0.24814074656846116 0.18415542397442222 -0.7334878657340512 0.23034331616069023 0.48553009721276374 0.5014970028923579 -0.2986407767341239 -0.9775758878133065 -1.1656002481508205 -0.2162957368292622 -0.1969697323890032 0.11787571545103777 -0.5109919555308372 -0.9035191331702235 0.2684743299279229 0.9261322841004148 
86 0.5358532336497055 -0.5130585168582694 0.39939677171698146 -0.5382076115860509 -1.0429795844095573 -0.4111424015523598 -0.8603014472666793 0.36833069084776254 0.65467382189494 0.7788996315574672 -0.4248657543235038 -0.8397806924970345 -0.5032130329680956 0.4776554567376654 0.20079140144501328 0.10247087786206308 -0.5877207352798324 -0.5505100934395305 -0.08411533092798036 0.5904369975649236 
87 1.0296753062506787 -0.48299467423168363 0.3226617908511535 -0.803468226736539 -0.5900585280371242 -0.18212772606444946 -0.6639192769289115 0.05165327213983888 0.8143351954926757 0.20158787816708923 -0.731480191830595 -0.2808099296425377 -0.8065087197454508 -0.17251563163322242 -0.2832206003070286 -0.2216008609440975 -0.8587614234756594 -0.5851360608813209 0.5588509945877831 0.29579431869454376 
88 0.6613788175537413 -0.07735398223274023 0.31306174623410415 -1.623626775734694 -1.0463921890710868 0.07277204842921486 -0.7770903113944354 0.7853984998431474 0.6939630962897279 -0.01724613276996826 -0.4684424048043033 -0.3140238371010721 -0.21447084348751094 -0.29561995981379496 0.696479415956109 -0.25191874026480515 -0.654515268784528 -0.4229992588975632 0.16306284749151326 0.061913964601776256 
89 1.3115356677495473 -0.2865999449873412 0.8076645575021155 -1.3863098785853818 -0.4969246956755079 0.052898778658445604 -0.3025017592609521 0.24432792413439586 0.7133550626961205 -0.01619875254117927 -0.5433225910521877 -0.6328950959815668 -0.42836648507819686 0.18324094806269026 0.9446942476047143 -0.13572258579519925 -0.8534674433162008 -0.6670222613213146 0.4889142401001111 0.13819725042989284 
90 0.023826049322762603 -0.295321079400321 1.102534860245715 -0.21335578906494676 1.0736631365522744 -0.6622932380621394 -0.2115529920551963 1.4661740429276342 -0.14701112666830432 0.6117441376346078 0.7084811394024642 0.018446992612200716 -0.5222889138153898 0.9287288278322795 -0.18036909588968034 -1.2400819087207382 -0.38831873868292555 -0.634462070595893 0.8909673738045407 -0.15207716862105292 
91 0.1553920045069463 0.29201472940059586 0.9308622810499751 -0.11304722225900715 0.9916278040890786 -0.6917152569408317 -0.23812338147420967 1.1379898982663659 0.45545447728777566 1.0053655866127265 0.23767879990809176 -0.17527546132412786 -0.3518508033447074 1.4315058163965302 -0.24172946978447704 -0.8176683801952923 -0.23494530239808412 -0.5956286826137723 0.0243063772360973 0.2089684660722416 
92 -0.8040464083915894 -0.5147284525128645 0.7372356761095322 -0.4683769769403617 0.6845134772608985 0.2689345301880282 0.20809591339339906 0.7038094878034776 1.0218353548114683 0.32421261439824095 -0.30733692051512185 -0.3611522442922831 -1.2654868263600598 0.6870012289897317 -0.8407604244866363 -0.4340972626696731 -0.8388226129267868 -0.5130413442631433 0.018958402599574112 0.1685337910805254 
93 -0.7345166665212343 -0.24180369834153917 0.7110384072618677 -0.36467418734793383 0.4221010990587422 -0.3349890932426731 -0.01680751752831747 0.5728007086083143 1.0973861500107693 1.0007593726559847 -0.4555692960302471 -0.6619686451261778 -0.6528490587076416 0.7517621207046608 -0.5947621602862774 -0.593465379170416 -0.31012984733633614 -0.663373433708798 0.06524849154533187 0.1943322309466236 
94 0.6075931898397006 -1.2971243391931981 -0.08591630107785254 -0.45664751839069867 0.055479382043878596 0.1583773034995249 -0.3505205614618001 0.5004334874727115 0.9563046835428484 0.5966736404582754 -0.42259348487630644 -0.8265511459332011 -0.7340460295097102 -0.04283436703823704 -0.1291707164654367 0.054611688327400015 0.02224168951759796 -1.130101510311427 0.47324400308314585 0.9635827125059205 
95 0.3571066539832223 -0.3943614929862111 0.48950446079595167 -0.36661797545195884 -0.3551896079394361 0.21814530794203182 -0.8225270148480324 0.5309683814819358 1.0102034995473372 0.922489829308455 -0.10727684008496846 -0.9872550681207917 -0.7556991514317771 0.23178351704254208 -0.13390302762899126 0.610049262444688 -0.1259596429312337 -0.6788085508700856 6.607001986890411E-4 0.9432479641460759 
96 0.7244647529139943 -1.0335860891142616 0.7532009218716 -0.366362232856334 -0.4653914373315686 0.1464826701894386 -0.6161638253200707 -0.00557452296315801 0.5303406348932566 0.6330108890630022 -0.5384451526805342 -0.8793406024893955 -0.9756394743580749 0.16706714407216675 0.1542901047580344 0.0023124373395476054 -0.7323894846202227 -0.6233174525118578 0.19906600375107894 0.3548759790171633 
97 0.9555581471588217 -0.09254442648976206 0.0728908708624212 -0.9624837096922956 -0.6725637159904709 -0.29439037051316164 -1.1599841941275655 0.359554925203405 1.1553081030224637 0.40977896622703563 -0.5309877995477925 -0.8514030854211115 -0.41161854933115716 0.17969939546957364 0.13147276248123685 0.07981546933426122 -0.30751620321355055 -0.5929159287548308 0.3558212165443325 0.3691557592333666 
98 0.8782269030348655 -0.5594555515243578 0.46984947388410137 -1.4351368341888102 -0.7188798816061721 -0.14496565904603284 -0.7442588409249754 0.6989828529639692 0.37616680201062697 0.07729928792804895 -0.9332831215381834 -0.4254244154234949 -0.4112590694729494 -0.03854833669161793 0.31736326544925153 -0.4006174574510942 -0.610720433714605 -0.5908125321710862 0.17598793957507977 0.041574281709147204 
99 1.2394127590955386 -0.03472762301464895 0.5645986974835082 -1.4334475343153728 -0.7861638384429968 -0.268447627407376 -0.6840889677660089 0.8029832392706244 0.6263625274800096 0.13659975507089878 -0.08322228993271034 -0.4410122510196155 -0.0010948393778591027 0.08267127722597846 1.093095044118753 -0.16159351437878633 -0.6225796602251189 -0.4629330386987694 -0.06956689266491783 0.06904064580912891 
